149 2

22.2941265106 41.3363990784 
22.8128261566 42.4535980225 
23.2018508911 43.7304039001 
23.4612007141 44.8476028442 
23.5908756256 46.1244010925 
23.8502254486 47.5607986450 
23.8502254486 48.8376007080 
23.9799003601 50.2740020752 
24.2392501831 51.5508041382 
24.2392501831 53.1468009949 
24.6282768250 54.4235992432 
24.8876266479 56.1792030334 
25.2766513824 57.2964019775 
25.6656761169 58.2540016174 
26.1843757629 59.3712005615 
27.2217750549 60.4883995056 
28.6482009888 61.4460029602 
29.4262504578 62.2440032959 
30.0746250153 63.2016029358 
30.9823493958 63.9996032715 
31.6307277679 64.7975997925 
32.2791023254 65.5956039429 
33.3165016174 65.9148025513 
34.8726005554 65.9148025513 
36.0396804810 65.9148025513 
37.3364295959 66.0744018555 
39.0221977234 66.0744018555 
40.5783042908 65.9148025513 
42.3937530518 65.2763977051 
43.5608291626 65.2763977051 
44.8575782776 65.2763977051 
46.4136772156 65.2763977051 
47.8401031494 64.7975997925 
48.7478256226 63.5208015442 
49.5258789062 62.5632019043 
49.9149017334 61.2864036560 
50.3039283752 60.0096015930 
50.5632781982 58.7327995300 
50.9523010254 57.6156005859 
51.6006774902 56.0196037292 
52.5084037781 54.7427978516 
53.4161262512 53.7852020264 
54.0645027161 52.8276023865 
55.1019020081 51.7104034424 
55.7502784729 50.9124031067 
56.3986511230 49.6356048584 
56.7876777649 48.6779975891 
57.0470275879 47.5607986450 
57.1767005920 45.6456031799 
56.7876777649 43.7304039001 
56.0096282959 41.8152008057 
55.4909286499 40.6980018616 
55.1019020081 39.7404022217 
54.3238525391 38.4636039734 
53.8051528931 37.5060005188 
53.1567764282 35.9100036621 
52.5084037781 34.6332015991 
51.8600273132 33.6756019592 
50.9523010254 32.7180023193 
50.1742515564 31.6008014679 
49.0071792603 30.0048027039 
48.6181526184 29.0471992493 
48.2291259766 28.0896015167 
49.5258789062 26.8128013611 
50.9523010254 26.4936027527 
51.9897003174 26.4936027527 
52.8974266052 26.0147991180 
54.3238525391 26.1744003296 
55.4909286499 26.4936027527 
56.7876777649 27.2916011810 
57.8250770569 27.2916011810 
58.8624763489 26.8128013611 
59.8998756409 26.3339996338 
60.9372749329 26.1744003296 
61.9746818542 26.1744003296 
63.4011001587 25.8551998138 
64.6978530884 25.5360012054 
65.8649291992 24.7380008698 
66.1242752075 23.4612026215 
65.4759063721 22.6632003784 
65.0868759155 21.7056007385 
64.4384994507 20.5884017944 
64.0494766235 19.4712009430 
63.6604499817 18.1944007874 
63.0120811462 17.2367992401 
61.9746818542 16.4388008118 
61.1966247559 15.8004007339 
60.0295524597 15.4812011719 
59.1218261719 15.0024003983 
57.9547500610 14.5236005783 
57.0470275879 14.0448007584 
55.8799514771 13.7256011963 
54.7128753662 13.4063997269 
53.6754760742 13.0872001648 
52.5084037781 12.7680006027 
51.3413276672 12.7680006027 
50.3039283752 12.6084012985 
49.1368522644 12.6084012985 
48.0994529724 12.6084012985 
46.8027038574 12.6084012985 
45.5059471130 12.6084012985 
44.0795288086 12.6084012985 
42.7827796936 12.7680006027 
41.8750534058 13.4063997269 
41.2266731262 14.5236005783 
40.4486236572 15.4812011719 
39.5409049988 16.1196002960 
37.7254486084 16.9176006317 
36.8177299500 17.3963985443 
35.7803268433 17.5560016632 
34.8726005554 18.0348014832 
33.7055244446 18.1944007874 
32.6681251526 18.1944007874 
31.6307277679 18.1944007874 
30.2042999268 18.5136013031 
29.1669006348 18.5136013031 
28.1295032501 18.5136013031 
26.9624252319 18.5136013031 
25.9250259399 18.3540019989 
24.7579517365 17.7156009674 
23.9799003601 16.9176006317 
23.0721759796 16.2791996002 
21.7754268646 15.9600009918 
20.6083507538 16.4388008118 
19.7006263733 16.9176006317 
18.2742023468 17.7156009674 
17.3664741516 18.6732006073 
16.5884246826 19.6308002472 
16.1993999481 20.5884017944 
16.0697250366 21.7056007385 
16.0697250366 22.9823989868 
16.7180995941 23.9400024414 
17.3664741516 24.8976001740 
18.0148487091 25.8551998138 
18.6632270813 26.6532020569 
19.0522518158 27.6108016968 
19.7006263733 28.7280006409 
20.3490009308 29.8452014923 
21.1270503998 31.2816009521 
21.6457519531 32.2392005920 
21.9051017761 33.3564033508 
22.1644515991 34.4736022949 
22.4238014221 35.9100036621 
22.9425010681 36.8676033020 
23.4612007141 37.9848022461 
23.8502254486 38.9424018860 
24.4986000061 40.5384025574 
25.4063262939 41.8152008057 
25.9250259399 42.7728004456 
