2000 2

-0.0355639288 -0.5727650200 
-0.2431452009 -0.7433185316 
0.1434742197 -0.3370595835 
-0.7845445320 0.6481571368 
-0.5234145915 0.6999978117 
-1.1184673151 0.1027272342 
-0.8639765340 0.5277169829 
0.3482221992 -0.2315748107 
-0.8891597198 -0.5598701875 
0.0542136102 0.5604453365 
0.2451786174 0.0663109032 
0.0950980752 0.5777095524 
-0.0236334441 0.5665731431 
0.0262216148 0.4526840198 
0.2436366855 -0.0043494125 
-1.1652890138 -0.0623220292 
-0.9008880844 -0.4285605020 
-0.8575922445 -0.5361281056 
-1.1939092601 0.0320272092 
-0.5991086558 0.7275172152 
-1.1433620596 -0.1261065482 
-1.0303191955 0.4565717585 
-0.5393264612 0.6558560940 
-0.1219104894 -0.7328144131 
0.3152078730 0.3352089977 
-1.0089965182 -0.1003636820 
-0.1397964770 0.6848820244 
0.1166966746 -0.4261782515 
0.1555694946 0.2369896734 
-0.9911107924 0.1609045544 
-0.3415739578 0.7919746295 
0.2293124202 -0.4440148711 
-0.4739970833 0.7040742591 
-0.9324705893 0.5310874634 
-1.1312706722 -0.0577157462 
-0.9959092099 -0.1199216985 
-1.1267682819 0.3003014164 
0.2749671622 -0.3134306677 
-0.5598659686 0.7304166105 
-0.8276590102 -0.5168108675 
-0.6409842105 -0.5855444536 
-1.1217080061 0.2851962611 
-0.0820534848 -0.5852826918 
-0.2973998209 0.7718854536 
-0.8347428848 0.5955333950 
0.2910476092 -0.1938729531 
-0.8244941371 -0.6444998425 
-1.1288813344 0.2909184703 
-1.0128075200 0.4544940068 
-0.7141679140 -0.7163285634 
-1.0392767452 0.0706147977 
0.3460359480 -0.2410945565 
0.0654293307 0.6211934325 
-0.8339210022 -0.5318314906 
-0.8794952440 -0.4479936893 
-0.2516382849 -0.6446393603 
-1.0098193355 0.2107864708 
-0.1493737962 0.6054213830 
-1.0407779880 -0.2372821318 
-0.0218873365 0.6837802956 
0.0983873542 0.3774969222 
-1.1517869201 0.0215263636 
0.3833915423 -0.0752857640 
-0.6708890062 -0.6200465125 
-0.4009698988 -0.6737320102 
-0.5770769401 0.6217269042 
-0.9595791523 -0.3285113884 
0.0296237750 0.6103939004 
0.1348745377 0.5380761398 
-0.0150888954 0.6425463639 
0.3049702321 0.3565807709 
0.2662979536 0.2282616536 
-0.1102089887 0.5796044659 
-0.1791539674 -0.7131166721 
-0.8395333793 -0.6606228498 
-0.8812780882 -0.5777505040 
0.1219043573 0.3474483660 
-1.0106894951 -0.0779670782 
0.1800921181 0.2725540376 
-1.1416011426 0.1833715521 
-1.0728144388 -0.3339105079 
0.1982286304 0.2024656519 
0.2408657216 -0.0000258891 
0.0815319047 -0.3985839340 
0.2107531078 -0.0084468253 
0.0221477315 -0.4464968789 
0.3843456101 0.0205138698 
-0.9285606770 -0.3538563560 
-0.0478670331 0.5797800259 
0.2526824257 -0.3969993620 
-0.8497688635 0.5500126933 
-1.0062905722 -0.3304889421 
-0.6376412020 -0.5725708690 
-1.1374240046 -0.1445548860 
-0.6671341613 0.7524326304 
-1.0865824905 -0.3606106323 
-0.4099897826 -0.7257132324 
0.3310737416 0.1654455726 
-0.0078673560 -0.6801288349 
0.1358740379 -0.5476430963 
0.3425196701 -0.0964854060 
0.2543195820 -0.4545627401 
-0.7489123191 -0.6062119097 
-0.0058060504 0.6567882123 
0.0715716829 -0.3953934731 
-0.7827973991 -0.5248407140 
-0.8436359729 -0.4693401207 
-0.6025345147 -0.6316993546 
-0.7069894820 0.5687200738 
0.2491482356 0.3264584363 
-0.2796828850 0.7202460767 
-1.1925034619 -0.0532903191 
-0.5330787306 0.6966240098 
-0.5194837176 -0.6110845062 
-1.1070054434 0.1280508714 
0.2483727495 -0.2365714634 
-0.7973350918 0.6590234028 
-0.9505138516 0.2402300298 
-0.8043159273 0.5953917512 
-0.0769277649 -0.5603093370 
-0.7143876471 -0.6216092931 
-1.0567381358 0.0748618972 
-0.5501951487 -0.6185368792 
-0.8385417649 -0.4213731704 
-1.0338420693 0.3803367960 
-0.7346150204 -0.6460106990 
-0.7649761678 0.5219819991 
-0.9615436245 -0.4592599820 
-0.4804038458 -0.6608012391 
-0.4384527575 -0.6392871432 
0.2478243519 -0.3513130206 
-0.7724751317 -0.5344655397 
-1.0047446170 -0.1250027006 
-0.4511089048 0.7737907499 
-0.6417146782 -0.5695815659 
0.1145801347 0.4326912426 
-1.0368134727 -0.3330395522 
-0.7292716728 -0.5694054229 
-0.2939865907 -0.6490752832 
-0.7060768566 0.5597297660 
0.1978187383 -0.0589247506 
-0.0886231799 -0.5890624662 
-0.1397814022 0.6361342199 
0.3574648407 -0.2014140769 
-0.3309722430 -0.7365877559 
0.1337260874 0.5084654754 
-0.9625459906 0.5033364926 
0.3336454048 -0.2743212729 
0.0143205563 -0.4887200872 
-0.2077833796 -0.6830789605 
-0.6286491285 0.7467660143 
0.2532487319 -0.4166228702 
-1.1151912725 0.0083409783 
-0.0587782878 0.5588448056 
0.0605252792 -0.5251575463 
-1.1498113468 0.1742331054 
-1.0580004313 0.0166343488 
-0.0880363102 0.6675368806 
-0.4882630584 -0.6215762928 
-0.9569588325 -0.4215177779 
-0.0082915100 -0.6335349822 
-0.1190815083 0.5799373063 
-1.0242249659 0.0057834031 
0.0341106502 0.5130798411 
-0.7561586896 0.7011012849 
0.2079238211 -0.3939690931 
-0.0037604064 -0.6527772382 
-1.0667914589 0.0164498453 
-0.9763075052 0.4509450951 
-0.9051098734 -0.4119256968 
-0.0426534921 0.4999247813 
0.1682789017 0.4573225965 
-0.8305528267 0.4971246534 
-0.7025403787 0.5391449720 
-1.1062817881 0.3469523897 
-0.9651076736 -0.3273878790 
-0.8081222736 -0.6320404265 
-1.0294850274 0.0498326101 
0.1379732830 -0.4862126151 
-1.0375986940 -0.0712623712 
-1.0409112594 -0.2424591595 
-0.0731760601 -0.5950302601 
-0.3762941414 0.6647801550 
-0.4941111095 -0.7216198854 
0.2646238823 -0.0634801437 
0.1017167161 -0.3764025712 
-0.9090983659 0.3195591894 
-0.2432903883 -0.7384319573 
-0.5688183794 0.5996220296 
0.0940221259 -0.5565765917 
0.2571714601 0.2097110272 
0.3389026007 -0.0629804799 
-0.2309514062 0.6738992117 
0.0097373528 -0.4636904347 
0.1484631540 0.3961660818 
-0.6337144798 0.6930790597 
-0.1727427336 -0.5836578345 
0.1789809880 0.1942074254 
-1.1296425641 0.1985455840 
-0.6450848696 -0.6434145208 
0.1260826141 0.4885250771 
-1.0215493420 -0.3347894193 
-0.9560077321 -0.3780936334 
-0.6601636141 0.7329404190 
-1.0271152927 0.0929345512 
-0.9440912056 -0.4485537524 
-0.9276152551 -0.4888018358 
-0.3214807573 0.7619265010 
0.1606327347 0.2642019518 
0.1625171699 -0.2923038690 
-1.0408539769 0.0738772306 
-0.0946979580 -0.5830718606 
-0.8838045719 0.6062793511 
-0.8258846687 0.6330587444 
-0.7281354930 -0.5109779461 
-0.4354485630 0.7548195398 
-0.9392107333 -0.5457833484 
-0.6301931334 0.6016703203 
-0.1682104828 0.6842975295 
0.1670524016 0.4675045686 
-0.2502363088 -0.7286608823 
-0.1912278494 0.6474081299 
-0.6753655718 0.6291823232 
-0.3193362965 0.6723280534 
-1.0175558865 -0.1292904002 
-0.9667597935 -0.2056474683 
-0.8937228776 0.4623850173 
-0.6550024515 0.7026396028 
-0.4478687655 0.7283604900 
-1.1419459503 -0.2530689968 
-0.6982700011 -0.7011516002 
-0.6131880390 -0.6271455152 
-0.7658209748 -0.4770928653 
-1.1523552267 -0.1580735999 
-0.9359234409 -0.4935123294 
-1.0755447414 -0.0789441789 
-0.8818127129 0.5666175515 
-0.1643781407 -0.6968030498 
-0.0523869449 0.4970942336 
0.2791376305 0.2866249884 
-0.1235061050 0.6688987239 
-0.6192196406 -0.6790577997 
0.2011267977 0.0042509972 
-0.6218842090 0.6134175057 
-0.8321765207 -0.6391030774 
-0.1198833668 0.6067294782 
-0.7850528892 -0.6735004385 
-0.7782780690 -0.5440636957 
0.0780481169 -0.4213802651 
-0.0139772842 0.5847700554 
-0.0500760355 -0.6465064032 
0.1259833793 -0.3614819831 
-0.9843043600 0.4560544263 
0.0821644513 -0.5204598809 
-0.4545157373 -0.7846052758 
-0.3168599420 0.7809018053 
-1.1459462480 -0.2498718028 
-1.1100749840 0.0249641661 
0.3050229973 -0.2836104194 
-0.1180651290 -0.6613086675 
-0.8399564650 -0.6670346131 
0.2116271014 -0.2607974582 
0.1053760856 -0.5097811691 
-0.8873229833 -0.5725529358 
-0.2792843240 -0.7493206576 
-0.4578441487 0.7185512561 
-1.0225886613 0.1164792614 
-0.1820487843 -0.7416553817 
0.1117438313 -0.5246289829 
-1.0159026895 0.3775182996 
-0.9981084513 -0.4169924307 
-1.0112813339 -0.1510543251 
-0.9333477977 -0.2889546768 
-0.6136024297 -0.6704247664 
-0.0512691997 -0.6104175870 
0.1303128897 0.4537832003 
-1.0084114144 -0.0396177148 
-0.1336919568 -0.6223475939 
-0.8478788085 -0.5254431766 
0.0218212957 0.5366850155 
-0.3872968303 0.6812348854 
0.3390514228 0.0813880696 
-1.0822319715 -0.3407376322 
-0.9983983354 -0.3422291523 
-1.1909632148 0.1132734707 
0.1734723366 0.2217488823 
-0.8559239825 -0.5565520542 
-0.2896930013 0.6344396853 
-0.9362912922 -0.5728435489 
-0.4524359533 -0.6905825793 
-1.1134459095 0.2899578818 
0.3551046300 -0.2314581292 
0.2069627863 -0.4463315535 
-0.7545818259 0.6120568826 
-0.2659677415 0.6824733373 
0.2590621861 -0.2149651702 
0.1929250623 -0.5272677875 
-0.1204138064 0.6325764029 
-0.2578066040 -0.7397473475 
0.1383538684 -0.3669463293 
-0.3422133548 -0.7905918671 
-0.7347151274 0.5924635318 
-1.0596704796 -0.2649508028 
-0.8592415231 -0.4431743750 
-1.0655881198 0.0927615776 
-0.8448309242 -0.6447413777 
-0.2236553368 0.6994200572 
0.0125757844 -0.4654137009 
-0.8482836256 0.4564937354 
-0.8349542544 -0.5719372337 
-0.7202680411 -0.6440302664 
0.2640230388 0.2574212773 
-0.9974018879 -0.2523804223 
0.2640529455 0.0792760517 
0.3834635396 0.0447137682 
-1.0061116313 -0.4487221530 
0.1972031061 -0.5120290662 
-0.0794815502 0.6105824985 
-1.1567882233 0.0585046952 
-0.9093587820 -0.6079628667 
-0.0309764197 0.5454780889 
0.0970810208 -0.4540002457 
0.2048023742 -0.4427252411 
-1.0470483079 0.0991275697 
0.1896963612 -0.2054627487 
0.0815269698 -0.5415102030 
-0.5535326588 -0.7697455020 
-0.1357593724 0.6009262501 
-0.0814421515 0.5557727578 
-0.8460012818 -0.4523522628 
0.0516324822 0.4612068382 
0.1695654126 -0.1973089794 
-0.0683788270 0.5285837040 
-1.1088430682 0.1732534722 
0.1342446174 -0.3149527722 
-0.8626195430 -0.4038761717 
-0.9491506522 0.4329373399 
-1.0070405836 0.2555433783 
-0.3708458874 0.7819347975 
-0.9837876399 -0.2577149645 
0.2701044997 0.1485326744 
-0.1066231371 -0.6909741511 
-0.8955484592 0.6275207214 
0.2870882443 0.1566060999 
-0.1778366458 0.6978482261 
-0.6065042494 -0.6326746049 
0.1600453928 -0.4672145589 
-0.7316554512 0.5120015887 
-0.3203248514 -0.7564817791 
-0.6332110317 -0.6984801509 
0.1461043376 -0.3752237126 
-0.3897279140 -0.6595066542 
-0.1675522111 -0.5939470469 
-0.9133249009 -0.3308129874 
0.1074453810 0.3758119554 
-0.3769447122 0.6268102363 
-0.9182067459 -0.3248524575 
0.2065977570 -0.5046964294 
0.3369096040 0.2706625205 
-1.0391158715 0.1258761253 
-0.9413900210 -0.3294814179 
-0.9993693628 -0.3523606644 
-0.0856701940 -0.7195533524 
-1.1065247896 -0.1188417651 
-0.4832671003 -0.6396501912 
-0.4646246966 0.7238378263 
-0.9860571914 -0.1433324724 
0.2084814365 -0.2792720852 
-0.2064815227 0.6774268272 
-0.9375078078 0.3854605764 
-0.7108033595 -0.6594553331 
-1.0128070675 0.2278766898 
-0.5932520126 -0.6379501825 
-0.2337970621 0.7332410944 
-0.4375319932 0.7357581431 
0.3650552426 0.0780337974 
0.0320726272 -0.5761361902 
-0.7184970155 0.6608456099 
-1.1586903036 -0.1291247969 
-0.4008605336 0.6512450087 
0.2297663698 0.3121371554 
0.1559858507 -0.4610545427 
-1.1497838137 -0.1480776519 
0.3226363690 -0.1905985064 
-0.7740717428 0.5582461868 
0.1818957776 0.1647642252 
0.2970961135 0.0222412307 
-0.5974345341 0.7148902158 
-0.1007405644 -0.6344451596 
-1.0028372100 0.1249566397 
-0.1475248766 0.6493755040 
0.1394974655 -0.2818377896 
0.1598159354 0.3282839245 
-0.5736541280 -0.7010611662 
0.2612398165 0.4364880869 
0.0260731538 -0.4684311384 
-1.1428912569 0.1131337195 
-0.2965839312 -0.5924375859 
-1.0579707575 -0.3542885518 
-0.4309128275 -0.7839051261 
0.2227562478 0.4313050503 
0.1854956702 -0.2048463522 
-0.5009322901 0.6399536209 
-0.1730582402 -0.5759071298 
-0.4134644347 -0.6553044184 
-0.0349911521 0.6978482386 
-0.3577643728 -0.6178944707 
0.3636432477 -0.0910712150 
-0.8017177028 0.6196727714 
-1.0613994523 0.1853493337 
-0.7770199911 -0.5475495509 
-0.9053005187 -0.3695150512 
0.1894266173 0.3301679158 
0.0772794187 0.5549707390 
0.1839299175 0.5112865412 
-0.9579120562 -0.3179934352 
-0.7464986354 -0.6148656975 
-0.7010844361 0.7289088967 
-0.3287290086 -0.6203364794 
0.2827670651 0.1673921292 
-0.9179764250 0.3798243447 
-1.0042668203 0.1852742245 
-0.6457613888 0.6412715612 
0.3295317442 0.0249220465 
0.0858203811 0.4933378263 
0.2527272037 0.3815218943 
-0.2350323962 -0.7182335375 
0.2536256819 -0.4134997953 
0.1627906918 0.2338365041 
-1.0262541949 -0.1075762165 
0.1591150949 -0.2723160595 
-0.9483665202 0.4654007333 
-0.8774122048 -0.5654892708 
-1.0605379943 -0.1670048001 
-0.0855072156 -0.6427173220 
0.1676421842 -0.3048983835 
-0.2352819517 -0.6544289239 
-0.8565925439 0.4186898175 
-0.1587056424 -0.6330364864 
-0.4134608014 -0.7867210792 
0.0475733921 -0.6219984163 
-0.5611317643 -0.7089604053 
-1.1212078467 -0.0733833261 
-1.1156810383 -0.0107987334 
-0.6857319761 -0.5342904504 
-0.3731116497 -0.7194390211 
0.0038385242 0.4819639046 
-0.1481037264 0.7122509332 
0.0171165870 -0.6197707407 
-0.1046386942 0.6712312092 
-0.6394544584 0.5731018488 
0.0741450086 -0.4001756616 
-1.0487911852 0.0828845326 
-0.1957219146 0.6250111110 
-0.8328055424 -0.6601757546 
-0.2768840384 0.6904929222 
-0.2599566031 -0.7747139124 
0.0132162847 0.5132525804 
-1.0760058594 -0.2726115790 
0.0526146160 -0.4617275034 
-0.7336120295 -0.6446650103 
-0.0219360388 -0.6622880395 
-0.3116408321 -0.5992108547 
-1.0098914669 -0.3892408421 
-0.3347982344 -0.7520653756 
-0.5315515421 0.6011244841 
0.0625867447 -0.4343502421 
-0.1100291413 0.6061710475 
-1.0329296158 0.2367012517 
-0.7722735557 -0.4959661958 
-0.7544166091 0.6879617993 
-0.8842735759 -0.3884777954 
-0.1424708272 -0.7043396914 
-0.9416978334 0.3999701977 
-0.9151829104 0.4035783461 
-0.8972553646 -0.3595826714 
0.1592410803 -0.3980565841 
0.1396475431 -0.4989602200 
-1.0732155345 0.1699172809 
-0.5699004967 0.6220996939 
-0.3823432755 0.7151262633 
-0.5975640642 0.5931808034 
-0.4024352196 -0.6960268401 
-1.0359809420 0.0566291764 
-0.0039912871 -0.4856973498 
-0.5706552427 0.6136270243 
0.3800312236 0.0138607044 
-0.5836399979 0.7392555852 
-0.8316530964 -0.5979881667 
-0.1249535965 0.5432905095 
0.3309556917 -0.1890665460 
0.1857602129 0.5032491156 
-0.1880300602 0.7702030922 
-1.1147764244 -0.1650355144 
-1.1481343217 0.1631125787 
0.1788626308 -0.4648095245 
-0.9288574504 0.3581139654 
-0.0686928170 -0.5369576200 
-0.7068194995 -0.5897299271 
-0.8051391177 0.5787992252 
-1.1019535486 0.1932674786 
-0.5420700199 -0.6772730475 
-0.9811964119 -0.1536699795 
-0.4747652110 0.6339324291 
-0.6399533000 -0.6456738119 
-0.3374597759 0.7279357203 
-0.2709876667 0.6573238816 
-1.0824980422 -0.0617111760 
-0.7382163367 0.5077632197 
0.2319528999 0.4255383585 
0.1778302121 -0.5494045502 
-1.0510038746 -0.0874856685 
-0.1144613459 0.6081522889 
-1.1148174363 0.2882745793 
-0.7090172939 -0.6913152058 
-0.8744938424 0.4114905844 
-0.9557540262 0.2763669646 
-1.0407960919 -0.4680643449 
0.1986058059 0.4903725974 
0.0102294110 0.6403933393 
-0.6626003812 0.6263129310 
-1.0792657228 0.1941536708 
-0.4248991888 -0.7936179162 
0.1970777883 -0.1582984456 
0.2055522543 0.0784648845 
0.2248028079 -0.4667676008 
0.2626463720 0.1688833487 
-0.1398028518 0.5890633834 
-0.2714353197 -0.7130608655 
0.2195091438 0.3090058868 
-0.9818713298 0.3745292813 
-1.0153857559 -0.4579877468 
-0.9904142752 -0.2481585404 
-0.1589083610 -0.6938175179 
0.3142571109 0.3433791346 
-1.0686766937 0.1052023248 
-0.8943769499 0.6112741133 
0.1378564260 -0.3097019407 
0.2296419375 -0.4520656987 
-0.1194229248 0.7323749716 
0.1569154726 -0.2677384437 
-0.0578969799 -0.7161646350 
-1.0000271613 -0.0332063604 
-0.1512670503 0.6085692253 
-0.8539451637 -0.4685400506 
-0.4050429988 -0.6072782362 
-0.5180191350 -0.6596263363 
0.0558355039 -0.4731830495 
-1.0950647957 -0.2391337310 
0.2993736808 -0.1903385795 
-0.8448891839 -0.5229324575 
0.3980503159 0.0430071487 
-0.9144602303 0.5930323833 
0.1299457305 0.3814030336 
-0.1925785648 -0.6246747908 
-0.1081816971 0.6864903706 
-0.8402323239 0.4097150704 
-0.6492170427 -0.7369007112 
0.3751764723 0.0569940933 
-0.0765147738 0.6520030233 
0.0684898015 0.6299692239 
-0.7483811617 -0.6911749983 
-0.5148878369 0.7001816044 
0.0295972886 0.6338610966 
-0.2948023684 0.6136302683 
-1.1382800711 0.2262050524 
-1.0638033017 -0.1964056415 
0.0862892123 -0.6122859930 
-0.9989598017 0.5169909931 
-0.1074831282 0.5664709960 
-0.3880419579 0.6719264588 
0.2300202487 -0.3599096789 
-0.8853706288 0.5359910082 
-1.0717296417 -0.0736928693 
-1.1387690886 -0.0085196739 
0.3253504923 0.0823760562 
-0.9401989239 -0.5039043232 
-1.1728547629 -0.0982178166 
-0.3603686172 0.7339948764 
-0.5127940182 -0.6836360374 
-0.2488476225 -0.6170889741 
-0.7033832095 0.5937887470 
-0.8120726710 -0.4849760823 
-0.3754068543 0.6044149686 
0.0419113720 0.5214702993 
-0.2409875799 0.6581187676 
-0.2911145132 -0.6163892200 
0.2268397545 0.0519555777 
-0.4214947599 -0.7057832011 
-1.0421836869 -0.0965287868 
-0.2876219375 0.6993775206 
0.2135234964 -0.4633326180 
-0.3375434060 0.6805748965 
-0.4459876965 -0.6938476557 
0.1789690293 0.3802789576 
0.3238506139 -0.2800738774 
-0.8161074655 -0.5036214425 
-0.2559435349 0.6395782307 
-1.0556514973 0.2202407067 
-0.6326900235 0.6785168644 
0.0999769307 -0.4941553944 
0.3193257115 -0.1287203138 
-0.8904122546 -0.6282502123 
-0.1957565393 -0.6464349910 
-1.0613285577 -0.0647443099 
-0.8888182078 -0.5662271165 
0.0646872154 -0.5324946188 
-0.9350024290 -0.3131780383 
0.2333485620 -0.2018996023 
-0.9397422024 -0.2813620200 
-0.2370641363 -0.6844170459 
0.2089870849 -0.3146249395 
-0.2663603591 -0.6133794531 
-0.5792010233 -0.6211811863 
-0.8930177981 -0.3447131485 
-0.1078022081 -0.6301604959 
-1.1504656438 -0.1079084500 
0.0428063982 0.4529670404 
-0.2728027035 -0.7747298484 
-1.0166516297 -0.2303943557 
-0.3918226751 0.6386604616 
0.2101980508 0.1227968969 
-0.5029056150 -0.7158199110 
-0.2250623923 0.7145289113 
0.3038317081 -0.2804622468 
-0.5325773111 -0.7334838435 
-0.6512352721 0.6844776644 
-0.0498655814 0.5092759096 
-0.2340370130 -0.7538353957 
-0.6982828749 0.6069899200 
0.0223720994 -0.4652281043 
0.0143714724 -0.5366506725 
0.3261863230 -0.3266989830 
-1.0941833918 -0.2612711394 
0.1194202743 -0.3437034155 
0.2309853029 0.0001858510 
-0.6152603949 0.5668331462 
-0.4650293608 0.6035144060 
-0.8175899134 -0.5565248234 
-0.5644132855 -0.6983463072 
-0.4738129822 0.6829708498 
-0.6798634975 0.6575442317 
0.2070305782 0.3356278587 
-0.8007613626 -0.6609690542 
-0.7735863609 0.7042328836 
-0.3858513088 0.6388328396 
0.0309426290 0.4460573761 
-0.9268572687 -0.3115730406 
0.1457476542 0.3116388798 
-0.3046006335 -0.7921846730 
-0.4307238198 0.7531979029 
0.0387914827 0.5617985880 
-0.1859988200 -0.6478817428 
-0.9597513748 -0.4028839336 
0.1115769985 -0.4209426803 
0.2158493401 0.1397699958 
-0.4116564793 -0.6698110727 
-0.4927161619 -0.7598875274 
-0.1197098931 -0.6182130503 
-0.6224075620 -0.5884468997 
-0.9738504747 0.5397341226 
-0.7770874563 0.5915574082 
0.3602925592 0.1956533470 
-0.9682673862 -0.2590625517 
0.2081117545 0.2750691365 
0.1063310149 0.4308289273 
0.1114487636 0.4033075814 
0.1968840714 -0.5043112969 
-0.7428344960 -0.6074615027 
-0.8375254928 0.5613640118 
-0.1899072651 -0.6448146330 
-0.5495440125 -0.6935323329 
-0.4413385804 -0.6881346460 
-0.9031246967 0.5032855450 
-0.0686614202 -0.5163213466 
-0.5852559046 -0.6169206280 
0.2082821697 0.0245716839 
-0.4828346809 -0.6036455859 
0.2469754168 -0.1267495945 
-0.1046511133 0.5307160066 
-0.8385556628 -0.4882291052 
-0.8800684687 0.5735648515 
-1.0313637105 -0.1539091146 
-0.7871447571 -0.5112026606 
-0.4493633776 -0.5984092787 
-0.3337606030 -0.7042979838 
-0.9449847799 0.4332673517 
0.1406536698 0.3169518448 
0.2222744298 -0.3024280226 
-0.6697758518 -0.7038298168 
-1.0694392101 -0.1139209301 
0.3051081918 -0.0466625495 
-1.0899687145 0.2771610450 
-0.9978474408 -0.3275220810 
0.3468269417 0.0665744312 
-1.0867685646 0.2461086629 
0.3474542948 0.1441622905 
-0.9425853806 0.4636101456 
0.1704518967 0.2070394869 
-0.2829544147 -0.7493766585 
0.2893655279 0.1610010686 
-0.7279565891 0.6024403471 
0.2769753124 0.0885834447 
-1.1283645471 -0.3052489872 
0.0547753101 -0.4657854063 
-0.5378401468 -0.6658673299 
-0.8349447757 -0.6004128546 
0.1642184158 -0.2518742126 
-1.0255566445 0.3198580602 
-1.0877218346 0.0093047860 
-0.4588277234 0.7864190686 
0.1633582460 0.3408411241 
-0.4033612796 -0.6948043818 
0.0871922856 -0.5845128830 
-1.1260441830 -0.0382152705 
-0.9814492520 -0.4056664570 
-0.0427528753 0.6992895065 
0.2309211169 -0.1019661003 
-0.7792107993 0.5973279179 
-0.0037306349 0.5059019285 
-0.1958873698 -0.7448927783 
-0.9220468993 -0.4489752466 
-1.0440880163 -0.2969481754 
-1.1823961076 -0.1605829236 
0.1646216539 0.2201230852 
-1.0052794274 0.2735157418 
0.2938152265 -0.1181877051 
-0.9638062271 -0.4861749143 
0.2941173166 -0.0300662597 
-1.0902300492 -0.1183084970 
0.0836886672 0.3954904334 
0.2291100144 0.1886399383 
0.1742928369 0.1876499120 
-1.0724161799 0.0872859485 
-1.0762921750 -0.2605328192 
-0.9336505845 -0.4054740365 
-1.0406087447 0.0586875387 
-0.2337178918 -0.5877747842 
-0.3470626225 -0.6631096761 
0.3302357466 0.2258646302 
-0.8306108996 0.5468492359 
0.0150544882 0.5206741619 
0.3512200391 -0.0035816913 
0.3567353536 0.2547674317 
-0.3102216783 0.7100875359 
-1.0673126104 0.0258772815 
-0.6074608756 -0.6769635435 
-0.9374127723 -0.5239927688 
-0.9753809801 -0.2322558988 
-0.0121200344 0.4886935029 
-0.5118967144 -0.7409251985 
-1.0314476611 0.1176857483 
0.2354331905 -0.1500559699 
-0.4739386262 0.7414767859 
-0.9580927158 -0.3573789844 
-1.1543020188 -0.2326397621 
-0.1996343134 -0.7103842028 
-0.5239401449 0.7484057531 
-1.0285097727 0.2189678505 
-0.2380330969 -0.7172660511 
0.1458961046 -0.3634799178 
0.3183269713 0.0710873705 
-0.0927367094 -0.6596900856 
-0.8378373270 0.5151620724 
-0.4390518447 -0.6999792539 
-1.0934548287 -0.0000810336 
-0.4098496171 0.7940774427 
-0.6778748680 -0.5798720277 
-0.3269643293 0.7855514621 
0.3129169082 -0.2779357017 
-0.4361795402 0.6967512966 
-0.3132117524 -0.6042006951 
-0.1367462536 0.5500100167 
0.0075961462 -0.5997193802 
-0.9186429961 0.5081214617 
-0.6116185478 0.6215927029 
0.1592277142 -0.3572242359 
0.1814956274 -0.4669597919 
0.2268483229 -0.1752552656 
0.1717900366 0.4690284608 
-0.3557088004 -0.7205111017 
-0.0934288255 0.5184963879 
-1.0735733012 -0.3705667796 
-0.2892167533 0.7549739556 
-0.2478883656 -0.6149974945 
-0.7849107342 -0.4724138680 
-0.7798721024 -0.5673483028 
0.2237441757 0.4463715767 
-1.1672323357 0.1830754465 
-1.1445156292 0.1879389292 
-1.0722283324 -0.3383446049 
0.1003866357 0.4848418819 
0.1269210235 0.2931154373 
-0.2587247654 0.5908255229 
-0.4801197637 0.6595479190 
-0.4564526217 -0.6031660777 
0.3085615918 -0.3261766078 
0.2793767516 0.1778780359 
-0.4244006125 -0.6530577835 
-0.7273844068 0.6261015278 
-1.1287325426 0.3141782368 
-0.9427323294 -0.2961259280 
-0.9418234216 0.4976325574 
0.2880589422 -0.3431859259 
-0.8873065473 -0.4705380179 
-0.6581868642 -0.5848295095 
0.0479161114 0.6155441537 
-0.6744860669 -0.5849345669 
-0.0635161151 -0.7020961426 
-0.4700765117 0.6140881781 
-0.2682269598 0.5860134253 
0.0603646073 0.4289418797 
0.1191249075 -0.3605098899 
-0.8004234264 -0.6097677106 
-1.1160290596 0.3496525364 
-0.0714729734 0.6992534368 
0.3180776489 -0.2230363638 
0.2393865508 -0.1891090649 
-1.1178621390 0.2950171236 
-0.1335578163 0.5509906291 
-0.4852795739 0.7677072886 
-0.4282647121 0.6829132116 
-0.7859303815 -0.6862790057 
-0.8167031782 -0.5598660970 
-0.0245277979 -0.6873873204 
-0.9336232786 -0.2932111716 
0.2471873604 -0.3585448831 
-0.1207823201 0.7117671237 
0.0886203960 -0.5945934735 
-1.0460412530 0.1218730981 
-0.0393705213 -0.6347986673 
0.0444901383 0.6125878886 
-0.9242382169 0.3326396160 
0.1671701697 0.5201804142 
0.2563337485 -0.0623439293 
0.1450601805 -0.3550615085 
-0.0561236562 0.5313756487 
-0.7686381655 -0.6707906457 
0.1333295653 0.3949369418 
-0.7197156569 0.7182595728 
-0.3239358631 0.7756027707 
0.2232525667 -0.0971873979 
-0.9215255717 -0.3590590081 
0.2837575267 -0.1003928013 
0.2867950001 0.0601565008 
-0.4356436183 -0.7683996936 
0.2368427603 0.4478420563 
-0.8788524185 -0.5126578245 
0.3495815606 -0.0138841879 
-0.8901224304 0.6277153156 
0.2268163503 0.1820685873 
-0.3377576022 0.6376851702 
-1.1030128481 0.3399849686 
0.2929143133 0.1350418413 
-0.2858512632 0.6596538304 
-1.0705336946 0.1687178447 
-0.3736885562 0.6867258504 
-0.9883568593 -0.4935783412 
-0.9751051930 -0.4291532956 
-0.6031122723 0.6940784696 
0.1929422144 0.1325924344 
-1.0087989400 0.1479206834 
0.1607100101 -0.2610438297 
-0.9002945279 -0.6056238863 
0.0325917047 -0.6719105156 
0.2553927941 -0.4177436416 
-0.4364759689 0.6277812099 
0.2236684726 0.3936461738 
0.1950152535 0.1881313934 
-0.2665107373 0.6405315730 
-1.1203570296 0.1490404861 
-0.4993296898 -0.7356109120 
0.1032026599 0.4392487213 
-1.1049694279 -0.2354521341 
0.2911341536 -0.3379206627 
-0.7912884882 0.6891973389 
0.1677793805 -0.5034669836 
0.2305704564 0.4296626276 
0.1657354053 -0.4878977408 
-0.4332364538 -0.7448140559 
-0.4873327293 -0.7252785682 
-1.0025515982 -0.5232476430 
-0.1853778583 -0.7089069136 
-0.7374477147 -0.6911237596 
-0.0522016532 -0.6970511469 
0.0882575508 0.4414536879 
-1.0894647310 -0.3408725746 
0.3373586493 0.0121513986 
-0.1192094604 0.6529715922 
-0.9117078364 0.3546587740 
-1.0059286305 0.4371217728 
0.1842298985 0.3005750194 
-1.0229536887 -0.1187118929 
0.1521362168 0.4026174411 
0.2387655029 -0.4275273481 
0.0477023881 0.5733140775 
-1.1513920927 0.0199884600 
-0.8591019580 -0.4720828447 
-1.0419446334 0.1575093593 
0.0249048773 0.5011992609 
-0.1985846399 0.6190741251 
-1.0689816383 -0.3491266684 
0.1772413179 0.4233348023 
-1.0368838110 0.1622048073 
0.1179247225 0.5735219813 
-0.9692970055 0.4187652763 
-0.9633108888 -0.4069629889 
-0.1380789318 -0.5684705587 
-0.8784222639 -0.6208479570 
-1.0805466598 -0.2035192699 
-0.3436051716 -0.7359886953 
-0.1551442379 0.6038312722 
-1.1243628666 0.2402993684 
-1.1431107008 -0.2440033437 
0.1351178135 0.5078115800 
-0.1793138569 0.6264173634 
0.3077319813 -0.2615895243 
0.1061788247 0.3383911366 
-0.8243551852 0.5702516267 
-0.7374473026 0.6098490521 
-1.0489476162 0.3677408839 
0.1994068371 0.0702030560 
-0.1821190206 0.7358763942 
0.0639786478 0.6144338875 
-0.3709346283 -0.7380900556 
-0.9727186507 0.4088629306 
-0.9357117005 0.4780589860 
-0.2735426239 -0.7561104363 
-0.9524639050 0.3708175612 
-0.4275248097 -0.7048129840 
0.3842687846 0.0763426172 
0.0553949087 -0.6477601362 
-0.5839086900 -0.7665082284 
0.2127236561 0.0133152041 
-1.0665013442 0.0192355123 
-1.1454792830 -0.2384000079 
0.2577044059 0.2767627263 
0.1928393076 -0.2749987601 
-0.9093330681 0.3457277618 
0.0682597480 0.4248515898 
-0.3063302852 -0.6974572438 
-0.6694503805 -0.5706403727 
0.1364381442 0.4359317416 
0.3010228907 -0.0514033656 
-0.2461984858 -0.7304104062 
0.3342892690 0.1948218936 
-0.7660217150 -0.6862495951 
-0.3678133681 -0.6761421824 
-0.0371656831 -0.6589117737 
-1.0310902311 0.2099713756 
0.2615745580 0.4491376595 
-0.3558757756 0.6301201427 
-0.9802830081 -0.2552719678 
-1.1096605525 0.3565818276 
-0.3896940234 0.7085580285 
0.0066358200 0.4463244830 
0.3057485904 0.2884964468 
-0.1093779086 0.5635496132 
-0.4727694547 0.6283145701 
-0.6427464348 -0.5599208413 
0.1880194333 -0.4578281088 
0.0187714518 -0.5774879638 
-0.9412889644 -0.4770191870 
0.2569670798 -0.2076942819 
-0.8606788409 0.5002151595 
-0.3106083782 -0.6868833037 
-0.8831125285 0.3589968024 
-0.9721532878 -0.5488635784 
-0.1377745121 0.5502268132 
0.2295161282 -0.2710279936 
-0.9164669475 -0.3311981975 
-1.0886070169 0.2438331543 
0.1274223034 -0.4960026404 
-0.1216380305 -0.5647744056 
-0.2571687088 -0.6868613947 
-0.1710462924 0.6989233769 
-0.3385757238 0.6067936454 
-0.3713226184 0.7692480777 
-0.7528746006 -0.5328100258 
-0.5651215075 0.5821046177 
-0.9058815704 -0.3460516091 
-1.1967541368 0.0564982250 
0.1559445404 0.2791342442 
0.2281543743 -0.1696298387 
0.0253949131 0.6521933782 
-0.7184636928 -0.6787572709 
0.2065397320 -0.1516200058 
-1.0250871578 0.4465043847 
-0.4159029554 -0.6446366117 
0.3040970301 -0.0481439212 
-0.4722191356 -0.6336480732 
-0.1837267842 0.7631217412 
-0.3489948528 0.6881356366 
-0.0915354247 -0.7153526558 
-0.7796792046 -0.4923672682 
0.1689492198 -0.3105539833 
-0.0842549344 0.6043296095 
-0.3377049360 0.6464917029 
-1.0336911538 -0.0785965906 
-1.1355237335 -0.0032653059 
0.9454326772 0.3274517854 
-0.1454434279 0.2718011449 
0.1320917124 0.7171319432 
0.8654557427 -0.3951931785 
1.1346035417 0.2482609007 
-0.2592648143 -0.3715613405 
1.0936234363 0.3045689663 
0.3987114446 -0.6608138252 
0.4543886022 0.7108190796 
0.6437109797 0.7374316142 
0.1107107491 -0.5528179906 
0.9466015220 0.5413806562 
-0.2607505583 -0.1212841205 
0.9062644908 0.3397618225 
-0.2813828713 -0.2293793618 
0.2915475052 -0.7194178451 
0.5012382208 -0.6223413719 
0.1544368751 -0.5654977491 
1.1090940325 -0.0881537289 
0.7994850894 0.4562644375 
-0.3068589885 0.2303505003 
0.6832653851 -0.6435604851 
-0.3127904606 -0.0222031793 
0.7178186382 -0.6777418058 
0.8128711651 0.4405779339 
-0.1341535657 -0.5415944112 
0.8829333277 0.5739133562 
-0.0308618239 -0.5936310138 
0.9791229277 0.4747239056 
0.2451798422 -0.7156378399 
0.0350288066 0.5837525978 
0.2123586953 0.5939853144 
-0.2592503844 -0.4473464633 
0.6330516970 0.6759954844 
-0.2253287042 -0.2307406254 
-0.0694813452 -0.3755769347 
1.0512542854 0.2113019655 
-0.3042975934 -0.0972333159 
1.0667458861 -0.0459077900 
0.2158496022 0.5960461016 
-0.1025386125 0.6027442178 
1.0188338554 -0.3268675791 
0.0721223027 -0.6348807969 
0.7776395142 0.6557111324 
0.0831645159 0.7090137864 
-0.2869654233 0.2503541228 
0.0592722253 0.6665806673 
0.5002509115 -0.7775829023 
0.2836270346 -0.7849339318 
-0.2562802333 0.0194004746 
0.2072258566 0.5898337533 
0.2376258688 0.6500694176 
-0.3519630844 -0.1242443022 
0.9816968171 -0.3948057460 
0.7686090591 0.5238713729 
-0.0668090996 -0.5251120532 
0.8980208367 0.5080018637 
1.1578721745 0.0586937020 
0.8360181531 0.4627796354 
-0.1952588457 -0.3476132064 
0.9602230478 0.2302666266 
0.9419175394 0.4065341651 
0.5046934357 -0.7674602389 
0.1532473832 0.6546724455 
0.8091644777 -0.6410883495 
0.5215260241 -0.6162688293 
0.9085677618 -0.3440072997 
-0.2851578951 0.0392547269 
0.8972550029 -0.4626519453 
0.9727120129 -0.2000011599 
-0.1826195121 -0.4164854579 
-0.3139369639 -0.2131303835 
0.8609359185 0.5422612875 
-0.2447798148 -0.1065379884 
0.3516296485 -0.6201531125 
0.2306529979 -0.7408263670 
0.8914153222 0.5841138489 
0.7017705154 0.7214848388 
0.1407259409 -0.6489892543 
-0.1922828493 0.3842055082 
0.2144298618 0.6102908869 
0.0935786966 -0.5624071116 
0.3628944993 0.6312090265 
-0.0190490105 -0.4677627655 
-0.2698562978 -0.2530284184 
0.6928260611 0.5592236965 
0.7941102817 0.6308997659 
0.8855211584 -0.4467740219 
0.2812512693 0.6711095973 
-0.1510312683 -0.2451334051 
-0.2520449027 -0.0734628871 
0.6911220152 -0.6708645308 
0.8911954693 0.3453032306 
-0.2916638867 -0.3086486960 
-0.3948430596 0.0178311700 
0.0902044016 0.6925497583 
0.8076178667 0.6854698684 
1.0845466768 -0.0183412437 
0.8302021393 0.5846780137 
-0.2820959885 -0.2903055163 
0.5871037053 0.7236571077 
0.8387373950 -0.5118775690 
-0.3212949580 0.2013745507 
0.0396454534 -0.6542300454 
0.7736545860 0.5285610897 
0.4001247062 -0.7339836489 
-0.3088098323 -0.0775348113 
0.0658911192 0.6411392230 
-0.3100629114 -0.3195453725 
-0.0999556751 0.3542635104 
0.9039214472 -0.5470387390 
0.7782206396 -0.4742728176 
0.1914321169 -0.7418131362 
-0.3431793710 0.2055592279 
-0.2005072667 0.0668684244 
-0.2831963228 -0.2801813861 
0.4359779924 -0.6839983619 
0.9933675344 0.2477348715 
0.7633159863 0.6521953551 
1.0311753901 -0.2069416188 
1.1262046942 -0.1418071599 
1.0962371540 -0.0390192097 
0.3384193411 0.6606456744 
1.0157513974 0.4563423105 
0.5708105535 0.6795398542 
0.8885781632 -0.3749268279 
0.5303276948 0.7391929692 
0.9978793669 0.5098010477 
-0.1617336275 -0.4405527443 
0.5310266954 -0.6035820967 
-0.1638488081 -0.3604069472 
0.5266726072 -0.6576886106 
0.4996050552 -0.7621649485 
-0.3252692940 -0.3079979097 
-0.2239945470 -0.3231339200 
0.3511962595 0.7073896259 
0.5494739159 0.6330019188 
1.0815613684 0.1389312413 
-0.1677254682 -0.2654120859 
0.1217494082 0.7030189441 
-0.0182207573 -0.4859834433 
0.8908112334 -0.5956674016 
1.1679166608 -0.2034550899 
0.5674429973 -0.6929836992 
-0.2902238755 -0.1840875483 
0.0408833307 -0.5132369019 
0.9968859224 -0.3393788768 
-0.3323637170 0.0884025870 
0.2996639361 0.6006363000 
-0.1337786816 -0.5556231825 
-0.3262490427 -0.2785373174 
-0.2038857452 0.4519452743 
0.8332216640 0.5318333802 
0.4034165444 0.7421535244 
-0.2563502260 -0.2755621197 
-0.2390585312 0.0353154849 
0.4633130343 -0.6671828781 
1.0936703795 0.2711091553 
0.0595138452 0.6899673416 
0.2150039993 0.7504218220 
-0.2878384458 0.3850089158 
1.0671336803 -0.0149182974 
-0.0899509106 0.4935777971 
1.1212322995 0.1137757766 
-0.3235742181 -0.1012116759 
-0.2159605775 -0.0121853317 
-0.3528543673 -0.2046696458 
0.8396776074 -0.5910978673 
0.0990057151 0.5422764764 
-0.2131327396 0.4801764864 
-0.0151405166 -0.6569129596 
0.9688326859 0.3817763381 
0.4539252231 0.6283653736 
0.8213197586 0.5737980431 
1.0875311251 0.0017521104 
-0.2068996770 0.3151307276 
-0.0955937701 0.4714896567 
0.4268459180 -0.7501956385 
1.0047732678 -0.4538338476 
-0.1635709746 0.3874927214 
-0.3146017308 0.3162578910 
-0.3951867373 -0.0003247891 
0.6396328151 -0.6260769864 
0.0615882084 -0.5287405189 
-0.1841858876 0.1780935631 
1.0095175354 0.1271643489 
0.9801672426 -0.2334185311 
-0.2165426917 -0.1524012294 
0.2609428664 0.7243258658 
0.3375593826 -0.6531407282 
0.8454770124 0.4479087404 
0.1825107626 -0.6662814688 
-0.2080520108 -0.3284593260 
0.3660333804 0.6944430705 
0.4640130528 0.7295799760 
0.9828231176 -0.4460968940 
-0.2160244237 -0.2860965427 
-0.0116759106 -0.5355277842 
0.3914532980 -0.6609607706 
-0.2368547706 -0.0650604439 
-0.0480482537 0.5505008664 
0.1416545751 0.6068688854 
0.0534302948 -0.6881841046 
-0.3801172296 0.1318897693 
-0.2210854371 -0.1610853031 
0.4619721587 0.7305405169 
-0.1272084902 0.5846658688 
0.7792012026 0.6920400454 
-0.1331495406 0.4310438374 
-0.2401117322 0.3416322174 
0.9604888980 0.3552706874 
0.1842788412 0.6993055934 
0.2235666333 -0.7686745492 
1.0742887580 0.1573584269 
0.4071651882 0.7105022219 
0.0245279162 -0.6160146145 
1.0386604682 0.4740814216 
1.0247621432 -0.4247544193 
0.7238536768 -0.5929919602 
0.3294850880 -0.6702902200 
-0.2795866253 -0.4105485720 
1.1707726084 0.1761947166 
0.9329438905 -0.3565183226 
0.9308842897 -0.3914362078 
-0.0423831843 -0.4953995317 
1.0653344008 -0.3347056820 
-0.0144960547 -0.4937770457 
-0.0974422163 0.4497129703 
0.7416199106 0.5924657465 
0.6711921088 -0.6268851103 
1.0849836869 -0.1209063646 
1.0087546416 0.0857524786 
-0.3539811658 0.2200958366 
0.7901079626 -0.5284836510 
0.1547874175 0.6736636783 
-0.0403612746 -0.6418755988 
-0.2953645945 -0.2472484759 
0.7901885661 -0.5716337019 
0.9947312317 -0.4550364149 
0.4376478106 -0.7050041911 
1.0761415778 0.2929130065 
0.3816392411 0.7405565538 
1.0085859637 -0.3983990740 
0.9760627203 0.2150699657 
1.1261517628 0.2689846815 
-0.2044520361 0.0393411758 
-0.0118263383 0.5689857746 
1.0085431918 0.4567789023 
-0.3336850422 0.2949075800 
1.0352057715 0.3967800212 
-0.3271668794 -0.1779861753 
-0.0038087446 -0.4685078034 
-0.2360282129 0.2836741066 
-0.2291243423 -0.2181012262 
0.4982045389 0.6549994502 
0.8174571616 -0.5089756498 
1.0224493471 -0.0159919955 
1.1803917416 -0.0230603936 
0.4008908849 -0.6104328315 
1.1541864171 -0.1041121087 
1.0160164833 -0.3186779105 
0.7345238724 -0.5628378064 
1.1812003272 -0.0999255596 
1.0028096074 0.3227729835 
0.8918651570 -0.3991123744 
0.7541437401 0.5874518092 
1.0424467378 -0.4061967949 
-0.2621521995 -0.0933455191 
0.2750915585 0.6022636918 
0.0727203211 -0.6207836190 
-0.1357336752 0.4604581548 
0.6100416135 -0.6431540787 
-0.0638115606 -0.6009350945 
0.2452930694 0.6612672083 
0.7761360321 -0.5337265010 
0.6226686381 0.7207318782 
0.3335903158 -0.6038910031 
1.1123895735 0.2091741720 
1.0173418707 -0.0958531313 
0.9250033983 0.5679056743 
0.2329144530 0.6374459827 
0.2148038306 0.6128421618 
1.0308027352 0.4306706799 
-0.2492669081 -0.1867017301 
0.9069436405 -0.3963089669 
0.8970228920 -0.4285696185 
0.3974842251 -0.7373933234 
0.0518694214 -0.5829263069 
-0.3854206157 0.0865842381 
0.5674965558 -0.6446411618 
0.5710732163 0.7800140578 
1.0330892740 0.4719440335 
1.0180135451 0.1196083045 
0.0795490535 -0.5086561380 
0.2997450112 0.7516979328 
0.8970497137 -0.5103207771 
0.9422244773 0.3284048543 
0.4517982794 -0.6342909496 
1.0598121268 -0.0473152622 
-0.3222445001 -0.2854324004 
-0.2809252430 -0.1073146502 
0.7354601236 0.5624210134 
0.9112953059 0.5700362276 
0.0483074268 -0.6319633165 
0.5280076479 -0.6799831915 
1.1541512339 -0.2640788778 
-0.1826091451 0.1796193713 
1.0530695645 -0.2422897769 
0.6409488961 0.6793318304 
-0.2916366146 0.0490127482 
-0.1331913574 0.4095521010 
1.0851469132 0.1251611031 
-0.3437700831 -0.1479638448 
0.0395119352 -0.6046693528 
0.9234714216 0.3766058031 
-0.1939694408 0.4154211744 
0.0601760693 -0.6273245031 
1.0112769321 -0.4531525538 
-0.1665086497 0.4338116285 
-0.1580673490 0.3032151325 
1.0635648005 0.1148818083 
0.7319809287 0.6116516134 
-0.1371696559 0.3152891725 
1.1023185253 -0.1685296008 
0.2634250690 -0.6766051584 
0.9492522026 0.2936246399 
0.6392393054 -0.5734767665 
-0.1496566507 -0.3810677341 
0.9242767840 -0.3879141778 
0.9250496601 -0.6030281112 
-0.2505745928 0.0604394509 
-0.0546652634 -0.4378978381 
0.7551691867 -0.6079527472 
1.0265990442 -0.1572438118 
0.9752634200 0.3556624919 
-0.1169708501 0.3478121536 
0.3947675798 -0.7153010708 
-0.1232094433 -0.3560608534 
0.1418857184 -0.6630559333 
0.5093763094 -0.6730135143 
1.1695566060 0.0429674897 
-0.3561994726 -0.1113645559 
1.0049934489 -0.1526333229 
0.7890004175 0.6666647040 
-0.0434901785 0.4129653473 
0.8821357654 -0.6044506912 
0.1981972193 0.6659283391 
1.0201300958 0.0869479775 
1.1966058771 -0.0017433717 
0.0030199852 0.4730567990 
-0.0971289496 0.5660679536 
0.5804971157 0.5959728685 
-0.0209065926 0.6323923833 
0.2941869010 0.5975802402 
0.0229212877 0.4803897792 
-0.2311399710 0.2335288737 
1.0625859335 -0.4363733187 
0.7002036308 0.7129710462 
0.9736246609 0.3471695967 
0.3012645633 -0.6863929761 
-0.1300983253 0.4826166513 
0.0325387927 0.6375408505 
1.0182193189 0.2610551114 
0.6264837616 -0.5692480969 
0.0654502497 0.5388726805 
0.8314609500 0.6019680579 
1.0209779434 -0.2538074185 
0.6668995874 -0.5996246216 
0.7558191355 0.5063997381 
0.1169175484 0.6420504206 
0.8492957062 0.6029458044 
0.8272583366 -0.4368819001 
0.3101851035 -0.6053331973 
1.0759179156 -0.3531963483 
-0.2220692111 0.3822468744 
0.2556004545 0.7450891085 
0.4678017866 0.7195493257 
-0.2509775508 0.1070928168 
1.0444985140 -0.1268500589 
-0.0276512648 0.5046738741 
-0.2755411143 0.1930404278 
1.0772798927 0.0452480381 
0.9138306766 -0.5673599409 
0.1280538152 -0.5392359372 
1.1039319058 -0.3766202537 
-0.2044473333 -0.1077592139 
0.4061508951 -0.6802334607 
0.8910119655 0.4927123540 
-0.1916116780 0.1475249151 
0.2018209620 0.7489045469 
0.1761248313 -0.6783393344 
0.0130457248 -0.6851414920 
0.6484149333 0.5772634970 
0.4674532421 0.6272622809 
-0.2437341754 0.3201859174 
-0.3542946996 0.1841511265 
0.9413592149 0.4350429874 
0.2697691942 0.7842333983 
0.1568242449 0.7520307512 
1.0439339992 -0.0222228304 
1.0607431271 -0.2444660522 
0.2095891012 0.7140563101 
1.0067000733 -0.3144556476 
0.7147735029 0.5993720524 
-0.2765234943 0.1494841264 
0.3665577174 0.6320467246 
1.1654813925 0.1753913593 
0.9236447306 0.3752782938 
1.0050601200 0.2792294348 
-0.0960664066 0.4925629576 
1.0876270777 -0.3408974912 
-0.0360853752 0.4220830342 
0.1311570887 0.6795070982 
1.1207011104 0.0423993203 
-0.0732258172 -0.3701145761 
0.7471301169 -0.6191802402 
-0.2159543690 -0.1033196647 
0.4248076853 0.6896229261 
-0.2624697509 -0.1680919060 
0.7070504999 -0.5166295295 
0.8550778053 -0.4192349737 
0.7791995481 0.6855937541 
1.0483765796 0.0833473896 
0.7981735839 0.4724133937 
-0.1673572936 -0.4148042610 
-0.2082963285 -0.3572507208 
-0.0720242076 0.6364954536 
-0.2779398164 -0.2768866137 
-0.1330616851 -0.4753369703 
0.3142120468 0.6385704825 
-0.1530137857 -0.2814518366 
0.4807321642 -0.6149989997 
0.4929270150 0.5958069122 
-0.3135724914 -0.2404170580 
-0.2171580011 0.2792936713 
0.4824968956 -0.6576226497 
-0.3821800400 0.0946904018 
0.4822887789 0.6953827671 
0.5757457540 0.6506408724 
-0.2422634029 -0.4094885777 
0.8733737574 -0.4232070284 
0.0681146761 0.5554983506 
0.9082349464 0.5910108554 
0.9987206653 -0.4526503393 
-0.2212657342 0.1246394532 
1.0008243871 -0.0974933653 
0.3023749952 0.7426451020 
0.8292911288 0.5519415747 
0.4474528610 -0.7377780364 
0.3554970772 0.6369645107 
0.9245084456 0.3039086507 
-0.3122919849 -0.0289770572 
1.1346686380 -0.1381498230 
0.9824809701 0.2545830829 
0.9705877909 0.4572283725 
1.1955872602 -0.0655445224 
0.7229286016 -0.5807855703 
0.5149384152 0.7851771290 
0.5168616938 0.6137408268 
0.2644425758 -0.7251468584 
0.2069561235 0.7133376890 
0.3193900453 -0.7079989410 
-0.3211823816 0.2847156452 
0.9965328336 0.2320466588 
-0.1949134026 -0.2949789719 
-0.1721168972 0.4556111375 
-0.0627899270 0.6277337883 
0.5193654878 0.6534931283 
-0.0279879221 -0.4989540936 
-0.3489356328 0.0002084176 
1.0527246147 -0.2455238952 
0.3341309085 -0.7518206083 
0.6894701885 -0.7378403702 
0.3666245824 -0.6049915032 
0.9919322881 0.3591420720 
0.2654551582 -0.6622424747 
0.7813600059 0.5750479055 
1.0717030909 -0.2575640065 
0.1214910476 0.5316173750 
0.6285921807 -0.7457653185 
0.1250202201 0.5757667516 
-0.2879591532 -0.2570250147 
1.0386623875 0.4038409470 
1.1447675395 -0.0302116295 
1.0412759593 0.2773944847 
-0.1919771527 0.1068517098 
1.0366636926 -0.0789002096 
0.5477287765 -0.7434404214 
0.7369519418 0.6186832198 
0.6752998867 -0.5904593763 
1.1040518062 -0.0698388300 
-0.0116354653 -0.4745607456 
1.1134277042 -0.0557320267 
0.3501641240 -0.6610033188 
-0.2222176773 -0.3358512914 
0.5727115688 0.7605741199 
0.2851101958 -0.7454721446 
-0.2869289489 -0.3322956262 
-0.2788152978 -0.2182926678 
-0.2975138570 -0.1898882111 
0.9621607498 0.2175188832 
-0.0372623897 -0.4222028859 
0.5210250626 0.6698406621 
0.7231514402 -0.5965302442 
1.0519770261 -0.3276793402 
-0.0612429451 -0.6315247198 
0.6572514864 0.6047339870 
1.0021449497 0.2007128315 
0.8971991193 -0.5719474521 
-0.2865688761 0.0519695155 
0.0655208008 0.6606401358 
0.0655436252 0.5101970285 
-0.3722326187 0.1282628462 
0.8017397240 -0.4519120527 
-0.2758435706 0.0883339301 
-0.0584808691 -0.5389935349 
-0.1749508354 0.3074791367 
-0.2446028268 -0.3397929433 
0.0475635134 -0.5829947783 
1.1000132727 0.1591088475 
1.0939705885 0.2482436401 
-0.2481288798 0.0021117217 
1.0984284416 -0.1284267986 
-0.2583102415 0.3935745621 
-0.0178515283 0.6591599550 
0.2734769501 0.7218986685 
-0.1730301996 -0.4424955978 
0.2648071814 -0.6006656047 
-0.2997825242 -0.1519257072 
0.8835728484 0.3596750809 
1.1459280698 -0.0545501503 
-0.2467636733 -0.2165208197 
1.0257230906 -0.0014527645 
1.0914425263 0.2421502298 
-0.2030860834 -0.1341993359 
0.3890377644 0.7178207495 
0.5143912202 -0.7416119841 
0.7616315322 -0.6560091538 
0.1894256193 0.6137671101 
-0.2375888190 -0.3524186032 
0.8666047442 0.6145239507 
0.1368650921 0.7026013105 
-0.1985650902 0.0834891534 
0.6893875387 -0.5283303438 
-0.2296249219 -0.4710108325 
1.1090599145 0.1137148093 
0.0598608302 -0.6293038960 
1.1341433354 0.0038019040 
0.2308487693 -0.5870020374 
0.0741351526 0.5601487661 
0.8445048850 0.5629153845 
0.7762794857 -0.6873397861 
0.0148028071 0.6224292386 
0.0230295074 -0.6229849924 
0.9350199317 -0.3669226263 
0.2731789937 0.5968687928 
0.9762950331 0.4283802392 
0.6308900079 -0.6776825848 
-0.1533912697 -0.4705523531 
-0.1392042292 -0.3500664404 
-0.2664844775 -0.2812349288 
0.6190474590 -0.6087248353 
0.6637694446 0.7139958387 
1.0462034415 -0.4364829416 
0.8137052820 -0.4985707958 
0.7852065737 0.4610232965 
0.7630201300 -0.7059145134 
0.9579721890 -0.2984144450 
-0.0946498547 -0.5191113792 
0.6376749292 -0.6654629154 
0.6940762285 -0.5430731875 
-0.2788402401 -0.3964837829 
0.1049882927 -0.6096512159 
-0.2566796240 -0.0429792650 
1.0162640412 0.0716015313 
-0.3160666942 -0.0215840240 
0.2718940857 -0.6494399645 
0.7181911513 -0.7149250203 
0.9566288499 0.4942920718 
0.7006396620 -0.7361369427 
1.1670672902 -0.1897412332 
1.1512271999 -0.0965052836 
1.0834721107 -0.3764767892 
1.0760962222 -0.2159331047 
-0.3484709057 0.0625363971 
0.9773169090 0.3262904553 
0.8056642194 -0.6107539463 
0.4157326731 0.7041407938 
1.1110134056 0.2429314973 
0.6332660013 -0.5681386525 
0.8192817322 -0.5140522617 
-0.0104758730 -0.5861431655 
-0.0857770377 -0.4954733605 
-0.3471183311 0.0442677415 
0.6372910240 0.6163583959 
0.2738747937 -0.6178412780 
0.3850395638 0.7393719532 
0.9899346011 -0.2339162389 
-0.2320534309 -0.4538898030 
0.2912052323 -0.6075055811 
-0.0620460451 -0.6043424162 
-0.1686280489 0.4046052400 
-0.3164002636 0.1381739389 
1.1027311063 0.0486772940 
-0.2320209607 0.4303097758 
-0.1447100003 -0.3596885983 
0.8143551563 0.4996797872 
0.8102264983 -0.6317760557 
0.2548833424 -0.6504564300 
-0.3801932031 -0.0418547832 
-0.0281763041 -0.4827754644 
1.1238565661 0.2839277205 
1.1106288971 -0.3671762884 
1.0537887503 0.2628352277 
0.9833077859 -0.4817515270 
-0.1475741377 -0.4476193103 
-0.1157498124 -0.3107420791 
1.0032650515 0.0981407013 
0.0702661689 -0.5100304907 
-0.1404860584 -0.2885860491 
0.8032824032 -0.4894456597 
0.0266693311 0.7074350494 
-0.1487210005 0.3171630582 
0.4624177145 -0.6232127484 
-0.2548654917 -0.0048458468 
1.0091364013 0.1491938143 
-0.2195343619 -0.0034946875 
1.0775750179 0.1005767865 
0.9054984372 0.3535321287 
1.1556047556 -0.2549356153 
0.8769058356 -0.5279491201 
-0.2831263658 -0.1016320924 
-0.2461707482 -0.2938170317 
-0.2442371072 -0.0373012373 
-0.1297874667 -0.3171307588 
0.2281899990 0.6673448696 
0.3627587817 0.7225181652 
-0.2915587879 0.2488135368 
0.5453053631 -0.6255291596 
0.6283012045 -0.6165921053 
-0.3656725224 0.0707397788 
-0.3062351556 0.3699118117 
1.0446602471 -0.2441156452 
-0.1157726508 0.3217547190 
-0.2592225011 -0.1298440530 
1.0699741936 0.1138268381 
1.0150482133 -0.3548212051 
0.8135310177 -0.5609822745 
0.9450388816 0.3931901922 
0.2221856371 -0.7152917213 
-0.1679796198 0.1942096708 
0.9044875788 0.5429534771 
-0.1252843121 -0.4853367562 
-0.0980252009 0.4644807446 
0.5460530123 -0.6204376235 
0.1688392352 -0.6122408897 
1.0108696025 0.1231042087 
0.3582285017 0.7937090617 
-0.2782049681 -0.2804926320 
1.0164295563 0.0526411947 
0.9979747174 0.1103339740 
-0.3879569549 0.0434131568 
-0.1629776137 -0.3604243032 
-0.2685698899 0.3125484507 
0.2157934159 -0.6007160257 
-0.0466388557 0.4443717055 
0.8369062118 0.5485104465 
0.8647165046 -0.5916437333 
0.9630265997 0.3193768252 
0.7867539709 0.6701958349 
-0.2843777383 0.3568990915 
0.8369519942 0.5353446532 
1.0715089007 -0.1063857402 
-0.2385915327 0.3045174349 
1.0248140449 0.2893196470 
-0.0219540808 -0.4537324677 
-0.2208787010 0.0662442653 
0.9915920609 0.1671167285 
-0.2774881062 0.1543298201 
0.4548975668 -0.6310160887 
-0.0687497092 -0.4176851795 
0.0919059730 0.6857246601 
0.0124900346 -0.5025906854 
-0.3393705328 -0.0955358851 
-0.2218535855 0.3963601709 
-0.2299694384 -0.4368864437 
-0.3159779589 -0.2148216675 
0.2320372299 0.6839552828 
0.8847285217 0.5637667134 
0.9979441214 0.2315133220 
0.7944207065 0.6236571742 
0.1572687291 0.6870488359 
0.6526525401 -0.6200769343 
0.2653123283 -0.6411931380 
0.7046473664 -0.6259753294 
-0.2438532299 0.2413027219 
-0.1479607449 -0.5150574820 
0.6145841113 0.6168495925 
1.0791184940 -0.3024767884 
1.0679758090 -0.0288731293 
-0.1920554009 0.4060638298 
0.7534907828 0.7066609944 
0.0769865224 0.6130042544 
-0.2822130474 0.1208357649 
0.6925685330 0.6427221094 
0.0785296915 -0.5860763060 
0.5466874523 0.7811876125 
1.0039249631 -0.0548165771 
0.0760116147 0.6658929904 
0.1759845305 0.5875761864 
0.7044096400 0.6856422410 
-0.2617634049 -0.3751752681 
-0.3539435325 -0.0523753316 
1.0249316975 0.2898312310 
-0.2122516734 0.0154951755 
0.5813732152 -0.7586800663 
-0.0583834098 -0.6467351655 
0.8718313151 -0.6408504706 
-0.1978224335 0.2903960539 
-0.2765322305 0.2521929888 
0.7785388794 -0.4943980266 
0.9874899748 -0.1815135561 
1.0713548922 0.4117829087 
0.9348755303 0.4230041112 
-0.0334991251 -0.5276569711 
-0.3215411406 -0.2535943006 
0.7180072515 0.5405736176 
-0.1113058965 -0.5283985480 
1.0356226660 -0.3776457905 
0.8950259192 0.4693088849 
0.4440222938 -0.7803800924 
0.1451182538 0.6327617488 
0.8376010080 -0.4565335964 
-0.1081904039 0.4210147740 
-0.3632439402 0.0718646826 
0.9631948298 -0.3588646386 
1.1291111480 -0.2549579147 
-0.1193990082 0.3137471678 
0.6171979098 -0.6696598498 
-0.2454280877 0.2385219706 
1.1326914549 -0.3199186839 
0.3435962525 0.6173982993 
0.9208921723 0.5784583024 
0.5001034365 -0.6013255715 
-0.2610818125 -0.4128419846 
-0.2470965967 0.1719898365 
0.6558916199 -0.7091646804 
0.4399498660 -0.7342630158 
0.9723620271 -0.2625519998 
1.0758280565 -0.1009217823 
1.1720559256 -0.0894733927 
0.4279674294 -0.7851218219 
0.3925587620 -0.6337928185 
1.0896110388 -0.1672794961 
0.1460453446 -0.6320460195 
1.1228455119 -0.0522919849 
-0.1340170143 0.3716285634 
0.2828577913 -0.6975450217 
0.8285827237 0.5534016602 
-0.2438264383 -0.3784021971 
-0.0850746765 0.3676284471 
0.9576782990 0.3147714726 
0.6953667276 -0.7090244515 
0.9415171481 -0.5172737400 
1.1691601527 -0.0533802780 
0.8213685172 0.6731108575 
0.3565480712 -0.7821236258 
0.9612335659 -0.4147590184 
1.0625748814 0.3965300063 
1.1343137073 0.1755447373 
0.3369194136 0.6018739974 
-0.1902450337 0.4362624500 
0.2873905511 0.6142057163 
0.5851722461 0.6592853401 
-0.1461686477 -0.5258932785 
0.7300490196 0.5055567057 
0.7270646192 -0.5593418423 
0.5336469125 0.7170582215 
0.9428793518 0.2991863987 
-0.0763985004 0.3870771788 
1.0814739814 -0.2009261097 
1.1161772444 0.1826724097 
-0.3728302740 0.1522853767 
0.6830454552 0.6522026433 
0.5964054407 -0.6137773171 
0.1049636179 0.5375366603 
0.4092170395 0.7456608529 
0.3370040332 -0.7025597472 
0.8666565315 -0.6355042642 
1.0617329043 -0.2110027295 
0.3344026192 -0.6182945334 
-0.3124773781 0.0377701036 
-0.0309283037 0.6045915044 
0.5520194873 0.6686815516 
0.6720381038 -0.6678883940 
-0.3531173245 0.0101355784 
0.7857877237 0.5930885205 
-0.3042864725 0.1739486857 
-0.3210257674 0.1092733011 
0.6710104687 0.5963811725 
0.8758992714 -0.5166118136 
0.0618569961 0.5236068993 
0.4363389199 0.6143319541 
0.0161593466 -0.4847031804 
1.1136207235 0.0865880164 
-0.2902467478 -0.2945812460 
0.2224848493 -0.5848055464 
0.1408840220 0.5525955289 
0.4798303749 -0.7023187307 
-0.3104768117 0.0880710244 
0.9070351919 0.6131620368 
0.0275065882 0.5444135735 
-0.3576271511 -0.0756297360 
1.1124899647 -0.3602328304 
-0.1949113590 0.1799190380 
0.3281409937 0.6604490145 
-0.1272739912 -0.4927839523 
-0.3146443931 0.2921207197 
0.1571443884 -0.5664642842 
1.1069806789 -0.2217817988 
0.0843776813 -0.6283485572 
-0.2514578888 0.1797532943 
-0.2802497803 -0.3284354702 
-0.2055299204 0.2818709461 
0.1068424105 0.7251936425 
1.0031267960 -0.3356521276 
0.9011612846 -0.4185234311 
0.3975280679 -0.6810150324 
1.0617740337 0.3197756214 
-0.1624142114 0.4250724399 
0.5487595069 -0.7175916324 
0.7882096971 -0.5588194064 
0.3063950923 0.6502722331 
0.3385282901 0.7892683485 
-0.0296623735 0.4781001028 
0.0838598053 -0.5199141766 
0.3210474160 -0.6190255401 
-0.1814652338 0.3128378555 
1.0150345690 -0.4639833627 
-0.0058892286 -0.4969665207 
0.4587047819 -0.7096111627 
0.0064690616 -0.6154138338 
0.7089577785 -0.6077516974 
1.1289957565 0.2754475727 
0.9973329855 0.3471796412 
-0.2808472349 0.3665873910 
0.8799997258 0.4436206020 
0.3214174593 0.6737302546 
-0.2675247453 -0.2304061396 
-0.0598815257 0.6348076550 
0.3804731070 -0.6022496071 
1.0750540263 -0.1650155734 
0.8537254620 0.5019938951 
0.4987516751 -0.5979336878 
0.4626536775 0.6805321574 
0.4580095042 0.7975982898 
1.1716128558 -0.1111652656 
-0.0433810400 -0.6177749217 
0.1410104026 0.6949963037 
0.1846772981 -0.6430191315 
0.7246557920 0.5328842177 
0.3715853269 0.6557140019 
-0.1375410517 0.4562671051 
0.0339707104 -0.6980294703 
0.9672498994 0.2091611811 
0.8856673989 -0.5848511771 
1.1452276946 0.1702517835 
0.2980435283 0.6255005716 
0.5687199569 0.5865702327 
0.6169870070 0.6530576859 
-0.2743248390 0.1338358887 
-0.2397492624 0.2563782563 
0.0844257062 0.5314148031 
0.4085815213 0.7283612830 
0.6377004607 -0.7526987799 
1.1757305186 0.1612816424 
1.0010331055 0.2675747104 
0.4293270194 0.6903070244 
0.7105794237 -0.7190694948 
-0.2133394705 0.4724779471 
1.0043685592 -0.2423951636 
0.0265712847 -0.7018466411 
1.0967133648 0.3715174113 
0.8063262858 0.5158735573 
1.0685510439 -0.0014274057 
0.2880610129 -0.6846043101 
0.5191550187 -0.6213873452 
0.9353628696 -0.3187872849 
0.3848786220 0.6323485933 
0.4287564358 -0.6098200555 
0.9860527142 0.4807743423 
1.0327157615 0.0561376125 
0.9715878811 0.3125609827 
-0.1308570558 -0.5699877040 
0.6791536149 0.5370154760 
0.4611045262 -0.6195937575 
0.2626199261 0.6737001406 
0.9717819403 0.3530510086 
-0.0867718448 0.4252631372 
-0.0204221732 -0.5307319900 
-0.2008390789 -0.3043294783 
0.8074075007 -0.5331029088 
-0.3393100891 -0.1464484086 
-0.3437653107 0.1408568012 
0.9858597259 -0.2710961228 
0.7174484237 -0.5186328943 
1.1654685408 0.0861421176 
0.5299116806 0.6057207551 
0.9964324637 0.4860594673 
1.0556792462 -0.0329463074 
0.9254256430 -0.5373329537 
-0.0999098034 0.3851102423 
0.6340326541 0.6562305000 
-0.3129681802 -0.0683728008 
0.2638341200 -0.6168687164 
1.0435486708 -0.1371858870 
-0.3537770477 -0.1250878421 
0.0246630930 -0.4827056355 
-0.1285123900 -0.3298630197 
0.7854782751 -0.5890451438 
-0.0049489340 0.6144975698 
-0.2246095470 -0.2481939636 
-0.3408986615 -0.1468633743 
-0.3028496543 0.1896797123 
-0.0921813757 -0.4836045402 
1.0180836557 -0.3272339195 
0.5742538539 0.6403200986 
0.0070586616 -0.5557565451 
0.6018042451 -0.6004483443 
1.1000228524 -0.0688969525 
0.0374659615 0.7021198050 
0.6703572921 -0.7214103640 
0.4924936711 -0.6841518580 
0.9658965816 -0.3624867922 
-0.2849886170 -0.3061975572 
0.9700694132 -0.5351931279 
-0.2247462937 0.2882634785 
0.2996473382 0.7860886724 
0.5544707331 0.7294755853 
-0.2147578457 -0.4604525188 
0.7068997842 0.6346546659 
0.0472221996 0.5780612122 
0.8395216068 -0.6658738880 
0.5777913366 -0.7068754143 
0.8182147672 0.6282511814 
0.7676973450 0.5915053819 
0.2736797979 -0.7835933759 
0.0462943422 0.6031241708 
-0.1693428863 0.3110045228 
0.8932788125 -0.6266008929 
1.1469063649 -0.0220695000 
0.9466504293 -0.4132895592 
0.6826732316 0.5668656651 
-0.1197225694 0.4363850146 
1.0320609305 -0.4875148072 
0.4633986688 0.6114719334 
-0.3105602844 -0.0715442485 
-0.2504237044 0.1679799690 
-0.2041322651 -0.2392951289 
1.1431516520 0.0153268838 
1.0265850893 0.0895571490 
0.6363623668 0.7111822694 
0.8729186693 0.5250999749 
0.4307765709 0.7100818662 
0.5050081274 -0.6108900815 
-0.3294914798 -0.1925609648 
0.7515420550 -0.5909519947 
0.5901386769 0.5715610116 
-0.1663536639 -0.4405841007 
-0.1789556059 0.3936938340 
-0.2401488556 -0.3460642686 
-0.1525480252 -0.2789516042 
0.5535795792 0.5870808548 
-0.3221484528 0.2163489038 
0.2569254588 0.6764252958 
-0.2585424436 0.0587057034 
-0.1317367951 -0.5102555592 
1.1098619500 0.2451672778 
0.5311203747 0.6460345988 
0.1115751623 0.7451734941 
-0.2092254906 0.4708484163 
0.4713679390 -0.6421843750 
0.2128928240 0.7709193294 
0.4367881814 0.7777541729 
-0.2875511401 -0.2437707219 
-0.0921625037 0.3878527856 
0.2222729107 0.7734809242 
0.4965297396 0.6923478833 
1.1362435472 0.0109538424 
0.3401136068 0.6543739061 
0.8832527249 0.5736542131 
-0.2316413351 -0.4081951971 
-0.2691877824 0.2888022223 
-0.3272693870 -0.0702815496 
1.1115921782 -0.2803369753 
0.0028488210 -0.5360103423 
0.0858470576 -0.6067161656 
-0.3247264482 -0.3203484233 
-0.1638221432 0.5122089505 
0.8824791982 -0.6222275803 
