1000 2

-8.769567881350276428e-02 1.085978354394701473e+00
-8.375582090678220792e-01 5.473103420388578666e-01
7.968428448492382854e-01 4.114954788523657037e-01
2.121576222643283549e-01 1.069848640250355837e-01
-5.368389947343826796e-02 9.796336024116331087e-01
8.924579942275950861e-02 2.335525199263911444e-01
-5.675430655440121264e-01 -8.079697344889424926e-01
7.349934655237956305e-01 -4.701009994482290288e-01
2.871185728956665573e-01 -3.244849374456532098e-02
8.668792805634666365e-01 -2.102729211561044642e-01
-7.457152543010354684e-01 7.191428177604303196e-01
-9.249136539043908423e-01 3.330614794002407786e-01
-7.371206770334608471e-01 5.143669983754926012e-01
1.632366148645660875e-01 -9.018508523061398163e-01
-4.122278196736919864e-01 9.083771793987420740e-01
-3.742857057268541565e-01 -8.043843650844362259e-01
-2.739551274753326826e-01 -1.475623859354299738e-01
-5.400107462229137845e-01 -7.544838706661620709e-01
-1.034073739799541425e+00 -2.295830984533726027e-01
5.195980711413528130e-01 -1.029970924269131061e+00
2.117837280114705928e-02 -8.659704023562659891e-01
-5.603542276539367206e-01 -5.740824470160672544e-01
-9.421166730122192412e-01 4.215011868133775041e-01
6.904052795162735068e-02 -1.655421414586624729e-01
1.289397996130262070e-02 4.557793009557267738e-02
2.867224182956242262e-01 -1.697584456656353880e-01
-8.284724261109477350e-02 -4.381194409371078763e-02
5.082770699415452009e-01 8.390795069080350110e-01
1.350302631058826197e-01 -1.691420816079764189e-01
1.192043144393886589e+00 -2.051657138521499613e-02
-1.463604633771991292e-01 7.366277272561670697e-02
8.855210133193445188e-01 6.740316509425512415e-01
1.935983646334334951e-01 3.275008260391407133e-02
-6.126607856002688202e-01 -7.875030830397571346e-01
-4.984870498374962405e-02 -9.539847603742634963e-02
-2.594607201312573719e-01 -2.040279344786492810e-02
-2.697112100769380461e-01 -8.674090819115470863e-01
-1.905309068787359172e-01 9.451416699368438978e-01
-3.836295252819897361e-01 -1.050341908609965014e+00
9.172349453748215864e-03 1.155273019111545951e-01
-2.080054219413993433e-01 1.465080024589368313e-01
-5.382508755439756598e-01 -9.118741332255172471e-01
-2.253121834679036040e-01 2.590473128273108050e-01
-8.867135068041120949e-01 -7.752060581451244436e-01
-4.661673930312149050e-02 -7.917569180730496536e-02
-1.379105822321107511e-01 2.151595262907176065e-01
-2.958387924460041951e-01 -9.858507350002252423e-01
1.786236937455387697e-03 -8.976028658688739448e-03
-6.590917702111162013e-01 -8.278777741630709563e-01
-3.567678462006988460e-01 -1.055777421374122449e+00
-4.810829871935323743e-01 1.008227299211305494e+00
2.615612902959134622e-01 -1.670238995538228521e-02
-1.584224428428507025e-01 -1.276391268374383881e-01
1.789686807375963640e-01 -1.884206561614970299e-01
1.873780573007339800e-01 -1.004512265433763929e+00
-9.971708946308456278e-01 6.323916058275650398e-01
-1.841785474470039041e-01 2.664171989711593413e-01
-5.716059908757396002e-01 8.034221515855364260e-01
6.803830213367315083e-02 2.455261669532128876e-01
1.950327281421416203e-01 -8.130498463636914863e-01
7.624099721257049378e-03 4.797493659893219131e-02
1.564491778573974812e-01 -6.077269228009890556e-02
-4.348677650643601456e-01 7.889613706658350489e-01
-1.033487277955984912e-01 -1.060335748148860530e-01
-8.170293958042218474e-01 9.171635012693534206e-01
-7.721028661535472848e-02 1.486809480324985666e-01
-9.292951908913001102e-02 -2.717986226592207510e-02
4.172792938105919502e-02 1.669529167331267883e-01
1.070511830576257040e-01 -5.643443022267767561e-02
-5.102740407571014769e-01 9.458479203109616540e-01
-3.480585518127581324e-01 -1.015096637466307516e+00
-2.811952073577324018e-01 -1.700139026283169486e-01
2.280181419710413174e-03 -2.097459961360199632e-01
-4.260032252528876962e-01 1.069474185639636588e+00
2.719694941490637397e-01 3.112527336390220889e-02
3.819678917780450211e-02 2.907367108948043510e-01
1.907104961560917300e-01 -1.661322383620578158e-01
2.964047151503073074e-01 -1.094104800944121492e-01
-7.004365536422287875e-01 8.147976569254647972e-01
2.070750009748913989e-01 1.451893598884288761e-01
7.717922243245282088e-01 -5.172196601368144186e-01
-1.091511535807794919e+00 -2.546353393872135551e-01
-2.089737371440568980e-01 -1.490350871917723585e-01
7.652910585481996764e-01 -5.877800691536291255e-01
-2.608058368437264352e-01 2.741029432991713005e-02
1.679193390828955246e-01 1.005952611670022145e+00
1.145216181165970015e-02 2.259509438594556607e-01
2.736421137018141270e-01 -1.517714668712949466e-01
5.595633519459405347e-01 -6.167289897825320999e-01
1.037234533083438492e+00 1.375298156839450392e-01
-1.020278920086547386e-02 2.389910358386163336e-01
1.738224617530237381e-01 3.221533100075759104e-01
9.170155890962153333e-02 -1.546823979215358469e-01
6.277001221240008366e-01 6.033540073077637844e-01
-1.680816798419744185e-01 9.875318999188442692e-01
8.950308035367399162e-02 -1.543982884872543704e-01
-1.671553710046239927e-01 -1.483659825556462308e-01
1.941516317867381380e-01 -3.048589225417481369e-02
-1.708903712097858130e-01 3.367047282863772084e-03
2.373299210607622556e-01 2.219466053315093113e-01
-7.324488811117763065e-02 -7.431791681516358716e-02
2.463668244064390889e-01 -2.045286619649929749e-01
1.173805899249251578e-01 -2.652354612058200334e-01
-2.017734231506563558e-01 -8.907412321331725780e-02
-1.847365614815746626e-01 -3.032483869653906927e-03
4.815170634564774899e-02 -2.834346876020280570e-01
-8.755497777436204165e-01 -9.048253815980708548e-02
-3.530159180495774374e-01 -2.275633008714904593e-01
-1.353854248531764226e-01 -2.426410994889999506e-01
6.065918017872238277e-01 5.637084006657735458e-01
-3.350168583301023073e-01 -2.755465217567615310e-01
2.557774765956620233e-01 2.332346861652088432e-01
-6.700522405802515902e-01 -8.995883153901598206e-01
7.539025349721464320e-01 -6.228805049770385072e-01
-8.631680493775552021e-01 -6.989176091212233599e-01
6.118505872548012370e-01 -9.050095665534638734e-01
1.058146354177116055e-01 -4.851718123613765754e-02
-3.064451751410482427e-02 -6.173609786560671497e-02
2.067968708592745342e-01 8.690565081418442084e-01
1.047784393367694605e-01 9.279885560957530644e-02
-7.589959498369781843e-02 -1.833193598798258661e-01
-2.211566260253204907e-01 2.583654107007824496e-01
7.991214747320593004e-01 5.578061234582827321e-01
-1.606862638132486656e-02 -2.839962228916457776e-01
1.896915292678898468e-01 -3.114864388442164511e-01
2.303126979682352249e-01 9.585142363563142753e-01
-1.861534312627260157e-01 -2.994040151467209920e-01
7.019257443864987955e-01 6.247537319369486086e-01
-9.410061503109383718e-01 7.144281821590579007e-01
1.048255045484616010e+00 -1.179720891337519839e-03
1.440899333091561763e-01 7.478128908554421139e-02
9.241947442834443915e-01 -5.188537020015707713e-01
-3.214329273567018141e-01 2.503842851947823966e-01
1.060104651634040662e+00 -3.118821203330221503e-01
8.748066789673729637e-01 -3.869149465623551443e-01
-5.600494612525550031e-02 1.423411052282148037e-01
2.414775015747220449e-02 1.231420004239758281e-02
-1.013694688152916079e+00 1.987569118737083085e-01
-1.611485275063976041e-01 -2.207816021596438472e-01
6.953148239806879183e-02 3.998795361093503142e-02
-9.459855069100564506e-01 -4.664038534959128457e-01
-9.553633091559401991e-02 -8.634671155284126542e-02
-1.032569276237152556e+00 -2.544374227462687377e-01
8.399068663754499786e-01 6.548466335299367724e-01
-3.258462736328874843e-01 9.715112349487371457e-01
-2.219328662906396854e-01 -6.503910313654041875e-02
-1.533552259846798216e-01 1.445592740440590773e-01
6.823383901026083276e-01 7.216179470511474570e-01
1.422848449559593886e-01 -1.251778907139881325e-01
8.846650239166238272e-01 3.677446499088541931e-01
4.424852965326583898e-02 -1.512095085266560168e-01
-4.348753700990982130e-01 6.972890237917149792e-01
-1.484353998221240034e-01 3.429973544148257059e-03
-1.372849429654501574e-01 2.960689963480922504e-02
-3.755581189715746088e-02 -9.848392406352857176e-01
-3.378054645079007212e-01 -9.770751458550545887e-02
-7.154896278815775501e-01 -7.957218694009169369e-01
7.392313823541145634e-01 4.446247250729201128e-01
2.579118084354554696e-01 1.028007344636184595e+00
-1.671470791827466551e-01 1.168587904212340933e-01
-7.243836792355647924e-01 5.369777915422081493e-01
9.008552962157065358e-02 -3.984140176692566038e-02
-8.209051469368385812e-01 -7.271231455410076538e-01
-1.074564758789839924e+00 1.753314987962556470e-02
9.342200376858637023e-01 3.295459666948337141e-01
1.079651688708604507e+00 -8.758557601800863457e-02
-8.750677289352531973e-02 -2.931646941853944810e-01
7.423523914602501161e-01 2.577268745583091714e-01
-4.748818612746318335e-01 8.045218294475845466e-01
1.160374313767195797e+00 -2.184169854798782839e-01
-3.450652304723368369e-01 1.055577640041494014e-02
-5.745387959517599119e-02 -1.154573491403397545e-01
-2.814725713700204357e-02 -1.456056792801188049e-01
1.637093863410920003e-01 -1.422431126661919398e-01
-3.100703706486664935e-01 5.173858091983392360e-02
2.152469353727355927e-01 -1.014616951784590215e+00
-1.448539870337876845e-01 4.447212249647666121e-02
4.905822007668582119e-01 9.257814862251775301e-01
-1.732622212546055251e-01 1.270374871478860412e-01
-9.651036522570120013e-01 6.977981048160469824e-02
7.867334976480349074e-01 -4.951861233067180734e-01
2.721262840505402347e-01 -1.041961587005799217e+00
-1.819924659019916402e-01 1.277065373137408755e-01
-1.057425301648435623e+00 -2.633121709663945875e-01
-7.906910739119042686e-02 -9.101471046225824146e-01
-1.994693268481341486e-02 2.521565891690343286e-01
1.720813722314107896e-01 -2.233207506436443168e-01
-5.885640609293156800e-01 6.975435687694684361e-01
-4.794484532757682382e-01 -7.424846268508047409e-01
-1.356625193644173388e-01 -1.140022581387991479e-01
2.135921659522496685e-02 -9.379850148311826841e-01
4.588749517579398529e-01 9.317898648326028432e-01
-2.127862643002198517e-01 -2.709166836064560435e-01
-2.357862190970974325e-01 -2.531666180526224302e-02
-3.312315729139918563e-01 -8.580259677697412712e-01
5.136179222621501950e-01 9.388148595275291886e-01
-9.246358305598960659e-01 7.225914988453123744e-01
-1.895111604511591774e-01 5.862801841468195940e-02
-7.803360429091125150e-01 5.646707140042001027e-01
-2.250196513089011696e-03 -8.793531998646179071e-01
2.078770381928246314e-01 -1.212329225336386887e-02
-2.062017008229814485e-01 6.796655283797302383e-02
2.471353802730713312e-01 5.747745356271338063e-02
1.454361807577120025e-01 -3.638198474678767669e-01
4.220190548864297120e-02 -9.433813877999355224e-01
-2.445478503091538247e-01 -8.759091783446222579e-02
2.279871510632092702e-01 7.871090645170184530e-01
-5.682503298030491257e-01 8.133528111004045824e-01
1.337134054846184916e-01 5.534421228096413070e-02
3.916586851030053329e-01 8.558490744246787241e-01
6.405862996903938233e-01 9.511212712117805834e-01
-2.776586254711033153e-02 -1.493059681491488433e-01
1.802140221918459018e-01 -1.872087501288367539e-01
-9.432569169936719233e-02 -9.538416811815776386e-01
5.300324206021740647e-02 -1.998065444367615184e-01
3.351697059678525603e-01 1.433813149130410414e-01
-3.982355005964101358e-02 -1.971842095961249819e-01
4.317327038534569117e-01 9.997129082578020132e-01
1.208277673338296193e-02 -3.699298184275741086e-01
-1.080493420863354981e+00 -2.583540130159737158e-01
-1.635873241623139185e-01 -2.146712298537655772e-01
9.337374354380814645e-02 -4.413652467286101333e-02
-1.100387543476176733e+00 -4.418667850549539144e-01
-2.147487575995778719e-01 1.642009534865044307e-01
1.084259983460928556e+00 -3.029398115780491674e-01
8.450263767676351179e-02 8.531440536950231357e-02
5.721732150124995142e-01 -7.056830384086710817e-01
-1.279323370660191139e-01 -1.099869385633057695e-01
-1.455864954729563232e-01 -1.346816800670755931e-01
-9.545948331731672898e-01 -4.698366813410851384e-01
9.059160101881529314e-01 3.502942998044861200e-02
2.062129156811192687e-01 -7.592970410740454423e-02
1.795698426315771590e-01 -9.310249304842712625e-01
-1.196664701707448042e-01 -1.497545966190820255e-01
8.137220030158767159e-01 7.174791231568904415e-01
-9.890309166253374862e-01 9.955158775508213265e-02
-9.882345177581958184e-01 -2.930757939657993583e-01
1.701657756666898613e-01 -7.348457210336115097e-02
-9.721415847332323112e-01 2.932562236506743858e-01
8.317897553560238411e-01 6.956372569618956003e-01
3.362567761590645743e-02 -1.502226250604560553e-01
3.084643023345939317e-01 1.191189262326987075e-01
2.190169404808230968e-01 -1.170170071593543970e-01
-3.412188847504966649e-01 1.024302897728594619e+00
-9.312864227166910425e-01 -1.632039213304460057e-01
-3.066828155675688228e-03 2.588756055337275708e-01
9.017422831961239282e-01 6.129217906226994139e-02
-1.075400599095063470e+00 -9.315637569562229547e-02
5.140136904723136002e-02 8.347749421317407492e-02
-1.037093728894126876e+00 2.779808788608470471e-01
-2.457078900154605061e-03 -1.688085944432657914e-01
4.644091986443968367e-02 -1.105400241345583096e-01
-8.658489508716501470e-01 -3.430198330452097766e-01
1.084913357752610441e+00 -6.687900376469095853e-01
-3.075908609199954485e-02 -1.068943012588945640e+00
1.756186853935617909e-01 1.013939548218917075e+00
1.432688520254444542e-01 1.605846202712777615e-01
5.028453037239167811e-01 -8.827143540601790628e-01
-1.386014273276795494e-01 1.709286910910164936e-01
-8.356900211001858647e-01 -4.581503486022758809e-01
-8.325481347302123858e-01 -3.014854846876380279e-01
2.292158783156327262e-01 -2.279937677034342136e-01
3.950976974948505749e-04 -4.579845737421318896e-02
7.220665576223018745e-01 -8.585107762784109919e-01
-9.298075576013664634e-01 -4.863054935617528995e-01
-9.416682725966991629e-01 -9.138211474367721743e-02
-3.753676875575535088e-01 -9.380331087983226901e-01
-1.245775393299811684e-01 -9.302103992793360476e-02
1.434926846765767205e-01 -9.009835204274065923e-01
-8.819785350898706744e-02 -1.014585908167184858e+00
3.221266687634321557e-01 9.617594153282774672e-01
2.691054105652581629e-01 2.819008978096804729e-01
-1.729069630460839668e-01 -3.097277572762782705e-01
-2.317514575468911098e-01 -1.450309423420794441e-01
-2.716957618789465068e-01 -8.120554384895555255e-01
3.304294724616512746e-01 -9.333508175586467948e-01
-2.385292966863808983e-01 2.561104429063061350e-01
-7.756668605947599771e-01 -4.967276742883408036e-01
2.200913775903113601e-01 -1.395368040862076872e-03
2.292680118691151347e-01 -1.396074512736008855e-01
4.324612405348825239e-02 1.827395832958226829e-01
-2.370361365297848910e-01 -9.982212725135856113e-01
2.102765367959097409e-01 -3.288998829578002048e-01
-2.121916026970308566e-01 -9.980923322999464276e-01
4.141470357286026194e-01 -5.935866336556248068e-01
-3.667449692475988621e-01 2.956405581492623988e-02
-8.211086288604513284e-01 2.107658711360917980e-01
-1.785253788097722338e-01 -1.902809700074833965e-01
-1.204212226535104346e-01 -1.489556527391580898e-01
5.697997365402798775e-02 -1.186269109589667831e-01
6.335288377543649152e-02 -1.677072442681193098e-01
-3.635114307495752872e-04 -2.947101092982694626e-01
2.746075087856191255e-01 1.376835180015922866e-02
-2.202681025689084970e-01 4.000629303673909620e-02
-1.009904635212464985e+00 1.792135609268822316e-01
6.195847567813661527e-02 1.205586617586298231e-01
9.285981442151190757e-02 2.528023221172975843e-01
5.858396897046931340e-01 -4.632828806789097698e-01
1.287254626249748346e-01 2.772310689569540409e-01
-6.704860146124040909e-01 7.344531116097121615e-01
1.119935847950270347e+00 -1.814457660582579623e-01
-8.332245800050325224e-01 3.434406424735257923e-01
-6.459081373423163352e-01 -6.388991775302456100e-01
-9.724907683383618995e-01 4.978129704569991265e-01
-7.032307396577369696e-01 -5.516037175942499760e-01
-1.494598974532684310e-01 1.741371893811752003e-01
-9.178855126966044553e-01 2.193803170561514637e-01
-7.653371055091218178e-01 -6.506866990493378466e-01
-5.979552396893853539e-01 9.025432174654357542e-01
1.929166953671717089e-01 3.728015587042735612e-01
-3.370595905841247686e-01 1.212518439491155897e-01
-9.191355661172907476e-01 -2.036882114772476937e-01
-6.739927068935070986e-01 -9.484206821343488247e-01
-1.018997250671580312e+00 2.592716746101023095e-01
-3.248228119516732293e-01 8.899632074688377248e-01
8.001615436993680941e-01 -3.447074696829714457e-01
1.880304814620237241e-02 9.034414119397232712e-01
1.038454206934880775e+00 -7.509113951755841398e-02
-1.064483567500141614e+00 2.271609377180672240e-02
5.292979858672336446e-02 -1.738974623065944192e-01
1.920410010234397113e-01 -1.072021354631271794e+00
1.964044406933272702e-02 2.277837325520055689e-01
7.099128900970358425e-01 8.335596614642404312e-01
7.705268918446649407e-01 8.548859428994075582e-01
-1.628984084255815090e-01 -6.939321210291692077e-02
-1.629594793904812766e-01 -1.139679996352720437e+00
2.989169460411554846e-01 8.702429920909210415e-02
9.348470791131702207e-01 -4.990124514225479646e-01
1.362975352517123429e-02 8.784702302705784671e-01
-1.504373995097835204e-01 -1.202545409281169653e-01
-1.509291930785007507e-01 -1.396791026707381866e-01
-1.802633117527939755e-01 1.623591643329192480e-01
2.883154365981138167e-01 7.550814172123394841e-02
3.052188294529027401e-01 8.589310804231660157e-01
-2.732133221616581675e-01 1.003624994308223162e-01
3.918314743380796328e-01 -2.892212346410574786e-02
8.641505356218188993e-02 -5.978234655375015694e-02
-1.543867662068648672e-01 3.727221187696565241e-02
1.115718172854201495e-01 9.830923427895368327e-01
-2.075603615836759952e-01 2.179416508435455535e-01
5.392410227019472924e-04 6.707372577831924310e-03
8.802967734420078516e-01 -3.577200425171949694e-01
-6.784928544047001686e-02 2.487844336457420424e-01
1.104604299822334879e+00 -8.757588785626213568e-03
-2.255281352709678222e-01 1.465158965703363958e-01
2.825099363071396918e-03 -1.714533294850944245e-01
4.276163215279581431e-01 -1.022397968301044013e+00
8.919386221539459259e-01 4.424306026111065049e-01
-1.501538340998204157e-01 -1.153895644862658332e-02
-1.008134944716674974e+00 3.298953497348140473e-01
-8.106183118516083752e-01 -5.017934291896801735e-01
3.092445492330183066e-01 3.573888542260089674e-02
-1.101914685287874451e-01 -3.135462503661976541e-01
-4.093029014923488806e-01 9.361933186970431420e-01
-8.854315786598775384e-01 3.268047196749666178e-02
5.585504576090778717e-02 1.029697333178862362e+00
2.163197799661617515e-01 -2.038646395549393864e-01
-5.880701135682989689e-01 -6.940393601879876195e-01
-2.385539655462852737e-01 -8.976748550882300837e-01
-1.742938795707979216e-01 -1.921171873844830513e-02
7.993524832559826265e-01 -6.063891722914077631e-01
-5.633832851847926371e-01 9.047867875670695392e-01
-1.783051656491781850e-03 -8.985251763193211616e-01
1.380329584123481668e-01 -1.670211116172962418e-01
3.237214043508923611e-01 1.726458941611537234e-01
9.002968405630513704e-01 3.040705948916763712e-01
-1.429044504835307317e-01 -2.092214415950701678e-01
-7.741942557234190447e-01 -5.095565751329593773e-01
-3.664363551573587285e-01 -3.149242540178213978e-02
-5.662025093613112237e-01 8.998166357048497099e-01
-3.761490977040830019e-01 8.696162732436051312e-01
-8.407932827831120504e-01 -4.682459101406618585e-01
-6.839514287098685807e-01 7.041522728822910970e-01
1.148204063061292191e-01 2.075667785963509759e-01
1.014850619171931756e+00 -3.874370460990674836e-01
1.885798342439081454e-01 -6.675593552516834173e-02
8.169488076292101830e-01 3.594665635688795713e-01
-2.440213060982435178e-01 6.096063868497402644e-02
-2.524672009989213373e-01 -1.240005890981742825e-02
-8.194421782114669206e-01 -5.238692096722246117e-01
-9.140600618470764993e-02 -3.661202326543747665e-01
2.092960283605272975e-01 -2.401529526199179254e-01
-2.234739579811864663e-01 1.232434903959303829e-01
3.498710984450774664e-01 1.755724953913062047e-01
-3.004908173675804317e-01 9.307429367219960392e-01
6.187095932309744084e-01 -8.301092841522669241e-01
2.446350623894983506e-02 1.115464543582541213e+00
2.124904942577731104e-01 -9.509347000407496475e-01
-8.594762148644405353e-02 9.651800161404562317e-01
1.200360358817914364e+00 -1.196065679163086509e-01
-6.724108856891800046e-02 -5.956320766739491013e-02
6.159812121338247293e-01 8.733074853865763210e-01
-2.313442194836421439e-01 5.447973539041195412e-03
4.110923382439121698e-02 9.986356487652774117e-02
-7.700213812224016019e-02 -9.823095344687089725e-02
4.141572643237931284e-02 -1.855783302996096840e-01
-2.999331809350916367e-01 9.940257419281759432e-01
-6.591705201521648183e-01 7.229959188795002101e-01
9.393663641198258807e-01 1.734291509994605462e-01
-5.807080359748127973e-01 6.834853835841336878e-01
5.458638244946740770e-01 -8.439266191712927467e-01
-5.820143716167746062e-01 7.293873479458969911e-01
-3.090224283921417792e-01 -2.348277246136751262e-02
1.935700162384411047e-02 1.044717919455096622e+00
-3.812746111350223677e-02 -3.029515840822030182e-01
1.846696120320951151e-01 -8.528149831889468568e-02
1.494090555158602562e-01 -1.244787580726724741e-01
-1.438517373676800604e-01 -2.426008926835041823e-01
1.913790858194360511e-01 -2.866375898266375066e-01
-8.615365320956565043e-01 3.881696009841960615e-01
6.247344965424924679e-01 6.668994734185336171e-01
1.872855975864565481e-01 2.067763679547336142e-01
-9.230403507990760925e-01 -3.640820863283071307e-01
-6.546220578940277202e-01 5.994756012885378293e-01
5.474525828665945948e-01 7.984205862273643373e-01
-9.111574942619480311e-01 1.743815627898702147e-01
-2.619360383491967093e-02 1.676054730561693240e-01
1.135082535270525300e-01 8.501225343032811632e-02
-2.912090762793249077e-01 8.615433813214833370e-01
-5.202075059642610189e-01 -1.025757398726869107e+00
4.610980882267304293e-02 -3.025430451383551156e-01
-3.683126702072295755e-01 -9.197602447206099097e-01
-6.412210529963360828e-02 -2.253031594580046371e-01
3.635434132766657972e-02 3.850526956709648951e-02
2.776271522747381648e-01 9.347429419188839628e-01
-8.967971436706114741e-01 2.816731692441604706e-01
-8.214890023901129101e-01 -3.636287866489883447e-01
-3.105644474196106453e-02 2.131986263988863706e-01
-1.015888033567984017e-01 -1.156404202822553934e-01
2.195899665684840074e-01 -5.963098235903567523e-02
2.344537016725391498e-01 -2.331493367661929272e-01
2.414792140892086381e-01 2.069678940180201820e-01
4.539552733132731221e-01 9.146674348827965595e-01
6.879469108593863069e-01 -8.481711095701649494e-01
5.615216325317664431e-02 -3.080138141985004907e-01
-8.793607455289210728e-01 -2.913771837131783893e-01
-1.585539382022649602e-01 -6.227860373487470458e-02
2.129260444824921106e-01 -3.793276077208179720e-02
-9.203045471914756970e-01 8.193431048260457761e-02
-4.093436665273213482e-01 -8.375217577019974380e-01
3.658402088129703023e-01 -1.130681714615776323e-02
1.922578830007480866e-01 6.224982723164865228e-02
7.813517806024130596e-01 -5.336930389303375932e-01
2.213411123506172362e-01 8.636780849684672079e-02
-9.174318997713032386e-01 -3.421037977507143668e-01
8.594510458461840363e-02 9.602917101069266548e-02
-3.743024660637570555e-01 9.935351861584085231e-01
1.459617245777174444e-01 1.123097951198180205e-01
9.470809687103728391e-01 -6.022619564154653438e-02
1.759955216028637470e-01 2.981444437208219389e-02
-2.439315497178197734e-01 2.492639039448343308e-01
-7.765128872132984750e-01 -5.257177986726041530e-01
8.910742261302614375e-01 -5.956965917595041793e-01
1.081466770904540020e+00 5.246172658034887748e-01
1.966395165338393203e-01 3.398474798951485465e-02
-3.481136895814066490e-01 -1.159919812058254340e-01
-1.355943825756763532e-01 2.716783217045941612e-01
-9.133428118011324703e-02 -1.612453542151267571e-01
-8.142883405542471198e-02 -1.471470136724444266e-01
1.078971196263889265e-01 2.051331228660239758e-01
5.747388981640907946e-02 -2.065137702084920979e-01
2.482378245347741652e-01 -6.647001813202571552e-02
1.000822791100130837e+00 3.321361716628959404e-01
-1.288587780966123364e-01 -1.008425261595049083e+00
-7.908400224139173762e-01 -2.961110765249275190e-01
8.161444392274426196e-01 8.665078493358469025e-01
1.669132885463645299e-01 9.901445661906217721e-02
1.716558210504248727e-01 1.298079014816171939e-01
1.811417378949608525e-01 -2.279370189588393880e-01
9.700335684460880126e-01 5.472616121488372842e-01
9.703356574596778972e-02 1.940127351547578094e-01
-7.032393810436170234e-02 -2.994802307567721034e-01
1.198613395422213623e-01 3.675938865258844834e-01
8.425960663782081084e-03 1.017713778696459848e+00
8.383136799607535661e-01 1.831805827286011046e-01
2.262339300470352366e-01 2.672069327086435964e-01
1.019680788805447769e+00 6.678730357920829031e-01
-1.239915699298544394e-01 1.623492816414208173e-01
-3.601471747179199046e-01 -2.177757340892691462e-02
4.627473775100946485e-01 -7.574367089841110845e-01
-6.472717039013922147e-01 7.061970237356864910e-01
-2.205568849569596868e-01 -4.253187648858414160e-02
-1.395247021111297586e-02 2.233501239596590859e-01
5.130385719288284990e-02 1.089536460956565256e-01
7.103837880174586061e-01 -4.802911344541923033e-01
-1.730989364833057376e-01 8.637354251512575909e-02
3.607301287419376057e-01 8.984394968077301646e-01
2.270750310762870983e-01 -2.420796806868928674e-01
-7.515734271437152225e-01 -6.192640975262901915e-01
1.016977073863431169e+00 -3.672993859015333262e-01
-1.309621268976213226e-02 5.945514559713067915e-02
-1.026866657811895678e-01 1.742933033529732445e-02
2.369677774418901817e-01 1.387302287379425791e-01
-4.415373986367693293e-01 9.988385669789294763e-01
2.072801520122730112e-02 1.088341230697218887e+00
-1.517811537485595219e-01 2.009472912492351049e-01
2.154565953417607593e-01 -1.050130063841456129e+00
1.029299591154628102e+00 -3.221992798185114859e-01
7.629860780725034042e-02 1.010011141044724198e-01
6.451729378542895299e-01 -6.545896453625232869e-01
-2.004985643889048430e-01 3.706967265177676940e-02
5.023014724926060104e-02 -2.009995761614610799e-02
9.923542944963428258e-01 3.768706526356480069e-01
9.304002836984361924e-01 2.958501223082115605e-01
-9.339493793552825496e-01 -4.366144986695816854e-01
9.797221751345044360e-01 4.390938667009148810e-01
-2.075586667231633931e-01 -1.073717179362947971e-01
1.036770549437107780e+00 -1.515013514150282958e-01
5.367326297267571711e-01 7.994305613816503620e-01
-2.600144809565588799e-01 -5.521362208821512657e-02
-2.220528055417707869e-01 -1.781150121796920560e-01
-2.314483999503042649e-02 2.546289785055034782e-01
7.857871302098767829e-01 -7.656254348981060831e-01
1.840629353855100792e-01 -8.770746805899060083e-02
2.884049126582267086e-01 -2.712647082774047314e-02
1.221498318029491381e-01 9.796305240499824096e-01
-9.403208104053761840e-02 1.235985992615178802e-01
9.765179654815991928e-01 4.726548538868892146e-01
-2.023282144049321496e-01 7.061416795215799680e-02
-2.431228611935371542e-01 2.381143699926753232e-01
1.013351836683390905e+00 5.719681482977925224e-01
9.735903023474782314e-01 2.643764113602822263e-01
-2.080849490929116974e-01 1.013302792756450160e-01
-7.548119375073745196e-01 5.694496455174313798e-01
-6.801875070284632008e-01 6.510623980614294037e-01
-6.269412118828616987e-02 7.841800240726289062e-02
1.292045351960573463e-01 1.848130280110899804e-01
6.516480964632266615e-02 -1.072046003583394386e-01
-1.051539028904017403e+00 -6.604529914887077857e-02
1.264391078722336414e-01 -8.737197261919561753e-02
-8.412403214712302901e-01 -4.400016549448257375e-02
-2.545909278034945086e-02 1.833904115249259670e-01
8.136975258316696269e-02 -4.613980572814291303e-02
-8.418962110155557843e-01 -5.762227884719398618e-01
-1.332335730436074450e-01 2.852292119122451508e-01
-2.680875594941965756e-02 2.017156036601939761e-01
1.209388268085594964e-01 9.886762510786544222e-01
5.892682041967001183e-01 9.100350476467325977e-01
-1.160084127051582925e+00 1.438276113844423609e-01
-4.033079539998733476e-01 -9.853912608498645032e-01
-3.744449863713644744e-02 -8.604761203284869153e-02
3.120143268999986397e-01 -8.579184684811179684e-01
-5.337177088223371557e-04 -2.289445369879117287e-01
1.257388172915175073e-01 8.435933478024174037e-02
2.138259311290736653e-01 2.951158847742203079e-02
-3.255474325826341331e-01 7.968831382690379217e-02
7.300169444323332257e-01 6.418736896181711504e-01
-6.285679782269015803e-03 -1.095124181782696215e+00
-8.094287992410754695e-01 -7.366898153725907061e-01
-5.634059707726037924e-01 7.393219335861628272e-01
-6.330486574877521866e-01 5.146008317163788259e-01
-2.553586692642392242e-01 1.104889467510823259e-01
-1.128334920713929268e-01 3.454831786271520544e-01
-9.233402386874481893e-01 2.061110030793433245e-01
7.929371946672395532e-01 -3.027144785807144300e-01
1.294467230425276061e-01 -1.680005329300405525e-01
-1.821232606187417336e-01 -3.449155727772920677e-03
-3.136360302549162649e-01 -1.356758527551769344e-01
-4.146828967519415321e-01 -2.041910387383874814e-01
1.465960801660589063e-01 3.284343871445524199e-01
-7.699988753778087558e-01 -4.928787573384137977e-01
-3.173838744797454758e-01 6.907204004624439841e-02
2.393564737155098598e-01 1.252412887142958786e-01
-1.359824020931151185e-02 9.194438013642318719e-01
-2.882805231063398921e-01 -2.172770458094233637e-03
9.420780038146044089e-02 2.153311761931879509e-01
2.405016776559990715e-02 -9.809582619641149526e-02
8.298594107959216259e-01 3.712352019852604990e-01
-1.154114280540041171e-01 2.213143953760493554e-02
-2.052144516927248974e-01 -1.443141623776245663e-01
-8.145684731054806393e-01 -3.464683683353399490e-01
-1.017577181413376608e-01 1.792259876626559056e-01
-9.740360876748019869e-01 3.228446880492907844e-02
-7.373012065146916649e-02 -8.436348415062462358e-01
1.485113350026527057e-01 1.526827946892045096e-01
-1.054119326519019406e+00 5.252378223574042382e-01
-2.063151579946281150e-02 1.479998302329721127e-01
3.597351761400650050e-01 8.620307487952607595e-01
3.217398496570066380e-01 -1.059672743100380954e+00
-6.382139003530493682e-01 5.661127734778148568e-01
1.048323057546712567e-01 2.109075231567095199e-02
-1.162644463288457775e-01 1.578060976303254093e-01
-7.753525629871602098e-02 -8.938585339896081006e-02
9.268635829989684272e-01 -3.667365508355789339e-01
1.403806384881031155e-01 -2.148031105452881395e-02
-3.129662291306865574e-01 -4.747646287718123442e-02
7.473207106505362907e-01 5.355444141116270096e-01
-1.058965008721109990e+00 1.442763789358131876e-01
-9.909958845495373536e-01 3.531300561880984512e-01
-8.531385891592597748e-01 -2.135982711419284405e-02
-6.911320968169692991e-01 5.145753253402818306e-01
6.319977116257818883e-02 -3.603332491855631980e-01
1.683504756311206552e-01 -1.055842150482540376e+00
6.432511394653326331e-01 8.339541133896523073e-01
-1.411276316137993203e-01 -3.134997373503602969e-01
2.024071351186417234e-01 1.493098582229819837e-01
3.334418773129547708e-01 -1.041930255292634055e-01
-2.896778614508593308e-01 1.609697073979157178e-01
-2.496632681477340965e-01 1.259290623561103162e-02
-7.842594993979294937e-01 4.416507765305133781e-01
-1.050075909995826784e+00 2.101359563878890668e-01
4.621362333532420541e-01 -8.657816646515739123e-01
-9.287304101493352171e-01 -6.495861133851924540e-01
-2.005229242568606907e-01 -2.247049897642096894e-01
-1.604566735168143909e-01 7.285104466438527271e-03
-9.422789108407381153e-02 -1.031738456638416235e+00
1.209653567168583882e-01 -9.202300060138743354e-02
2.019068280664686188e-01 -8.114758403576888268e-02
9.508744928448464862e-02 2.543606026151495891e-01
-5.104034434590042774e-02 -1.264986575596723228e-01
-3.711030669748488497e-02 1.161499170329461095e-01
-1.732833639998412611e-01 3.346515564968860490e-01
4.589842693410322444e-02 3.213019311314539439e-01
-6.066554308141596241e-01 -8.731103387821035344e-01
-1.339759720032860646e-01 8.649078205115234841e-02
2.796204462648890776e-01 1.113597984504111960e+00
-1.408815249698647798e-01 7.354972239117513189e-01
1.054720268298672547e-01 -2.715717579810733029e-01
2.527799635820284774e-01 2.074984654689395192e-01
1.707368545139450466e-01 -1.655590813902952513e-02
-1.107664736956357698e+00 1.214461003127603883e-01
-5.197110281909926577e-02 8.868590720550979800e-02
9.591297905494458043e-01 1.065861575030649655e-01
5.870246042852636514e-02 1.856398131903727045e-01
3.015769387136202351e-01 -9.533754351073192579e-01
-9.520677557602136298e-03 -2.198436938965502851e-01
1.332446104328502967e-01 5.228846286096798524e-02
-1.101082966957307313e-01 2.001378450640297069e-01
1.147184802781420210e-02 -3.483023871168067220e-02
7.758579164641103976e-01 6.044943175727901519e-01
2.487266615119802238e-01 1.881522208915623606e-01
8.700727439757718340e-01 -6.216281117327968619e-01
7.949855706051920379e-01 6.083115761597811533e-01
8.870584155714568153e-01 6.003303257581309449e-01
-1.796501933047880972e-01 -1.530577669346260827e-01
-3.691753722778005203e-02 1.804891529787411297e-01
-1.282584655857518796e-01 8.021346847445873229e-02
-4.820945887555285747e-01 8.258483530826172814e-01
-1.649325932069443112e-01 2.185361346515097281e-01
-1.477573541383515598e-01 1.952211989144002624e-01
1.934088672527305153e-02 -3.368080419825104643e-01
8.640257946766524699e-02 1.715962849924178024e-01
-1.953187395546299165e-01 -4.335328732677372343e-02
2.737089805261757602e-01 -7.640756248870365086e-01
1.828476647641032460e-01 -2.929069538665323158e-01
1.479069518050804000e-01 2.221105967849538732e-01
9.900076972668812036e-01 6.425679018633900785e-02
2.817340599562686565e-01 -4.378756285760276867e-02
-3.029676916892373173e-01 2.619210534439988525e-01
7.164711978526686620e-01 -7.534323632170886187e-01
-9.970630280241474797e-01 -3.426337354648594791e-01
-1.965094448801739668e-01 8.842171008878348948e-01
-2.620751893262990850e-01 4.640354795165459872e-02
2.702412880340217954e-02 2.368244006884367980e-01
4.974535599298690602e-01 -9.517014390995919282e-01
-3.559622457365231307e-01 -1.952033255599652239e-01
-1.039673580662835856e-01 -4.007273103869005842e-02
9.696353089044353890e-01 -4.613350158501859366e-01
-1.264131962728621272e-01 3.033277638547394739e-01
-3.030056194591469465e-01 -5.006519908078690961e-02
9.783027096066144734e-01 4.008053889903615552e-01
7.429912139662037118e-02 2.071635445198007075e-01
5.433720427762426253e-01 9.082787636917677432e-01
-2.589343294776405013e-01 -9.653194583907560578e-01
-1.932915510276245197e-02 1.111750076123761310e+00
1.049493935756183660e+00 -1.006296135127756064e-01
-3.540800796560086838e-01 6.343383305875727185e-02
8.704673575973832511e-01 3.209324576323125400e-01
9.055505061005000300e-01 4.575734730525488070e-01
-2.801456790874126690e-01 -8.764160221886792002e-01
1.883841701938658575e-01 1.038625028969484415e-01
2.851587876092219753e-01 8.048417359326810738e-02
1.203816022587691908e-01 1.094979876043346012e-01
-3.082456286495281472e-01 -1.013419435607129993e+00
5.276041719786318529e-01 7.770994484061379826e-01
1.088227374060098729e+00 6.958495929480806863e-03
-5.219234645872296019e-01 -8.417702708264211964e-01
7.666441403185063619e-01 7.490851334424977193e-01
3.187259571097245670e-01 1.205847748110738804e-02
-6.529339368373561214e-01 7.058477657094661684e-01
7.224153771165786608e-01 -7.841152186295463622e-01
1.036245131975526146e+00 -1.888951428577328728e-01
2.048602338735990291e-01 1.748441730030449170e-01
4.280145370118020043e-02 -4.150948830329044270e-01
7.364571023785654313e-02 4.641747731791082132e-02
-2.128398382565487579e-01 -1.121922284172214984e-01
9.519063447618897333e-01 -2.858054755583608886e-01
1.284345459317195459e-01 -1.787397728044971823e-02
6.228226409847077705e-02 -1.712948996791842093e-01
4.508677612898085441e-01 -7.322321442202390784e-01
9.637293269720920152e-02 -6.347563448941222208e-02
-2.023507571607822686e-01 1.064071315395712869e+00
1.611751131563518569e-01 1.026402897402593911e-01
-1.074485508754417395e+00 3.441355767102614038e-01
3.233501348793684782e-01 4.019801835154448999e-02
1.064080283902192781e+00 -8.951025410878654665e-02
4.972141986956241794e-02 1.945900477020623409e-01
9.162281123157108853e-01 -4.282774758103215507e-01
-3.018227915555611873e-01 1.047119353918514850e+00
-1.195607659408635670e-01 1.077505529622792002e+00
-4.288797915801786931e-01 8.707829643031158584e-01
-1.272736480318241492e+00 1.346172439465873893e-01
9.950018463566839833e-02 2.657554853295301944e-01
1.210387373339139871e-01 5.072604853826026550e-02
2.794481592011934801e-01 3.875243295299884982e-02
5.352094085099582711e-03 -2.101321812428965374e-01
-1.044240939722558492e+00 -5.130092301835884744e-02
1.495077310603198650e-01 2.399125841951820215e-01
8.602993864605515406e-02 9.753222479308611970e-01
3.746048938254435690e-02 -8.853588391994415829e-01
-4.102219059270196810e-01 -7.372659373710089836e-01
3.533480311411718588e-02 4.161626116112656509e-02
6.843484230683673231e-02 1.205589827871279690e-01
8.999148311505621445e-01 6.817779572440482161e-01
2.198697287826985591e-01 2.731947293749891759e-01
2.689640841025904283e-01 -8.987901405459978177e-01
-1.332633504004296920e-01 1.492279291750901737e-02
1.829442621501352617e-01 1.662253940717439704e-02
-6.632558523506280057e-01 -7.347582528071714414e-01
1.346356287967018575e-02 -1.783150080302822182e-01
-5.613945350698957837e-01 8.622506175668939177e-01
-2.582668896184565632e-01 1.004740661420458814e+00
4.966180940654233988e-01 -7.606630437529882105e-01
-7.450311440377987982e-01 4.526946768968251322e-01
-2.375305236415016508e-01 1.197627887235543365e-01
-1.112026024706900262e+00 3.103740005641451583e-01
6.601056851034143858e-01 -6.665320773047141989e-01
3.039520256168365964e-01 1.334034848493780845e-01
-2.209652970315553189e-01 -2.324907879152831036e-01
4.132270640377296023e-02 2.391861636577293504e-01
-5.343785037398453286e-02 1.935065762248125154e-01
-3.094751502473112592e-01 -8.487163706340399294e-01
-2.124235115823209508e-01 -1.866164006123799401e-02
-1.487023514327487916e-01 1.057105871728469149e+00
-2.765543334221750582e-01 7.687419310385140703e-02
7.115830456776670032e-02 -1.016056743504792359e-02
2.201823599707034007e-01 -2.438234866274115176e-01
1.473916155648645754e-01 -9.801856106508903543e-02
2.278700706353387617e-01 -3.181751225701041907e-02
-9.267220026490556595e-02 -2.020281642484249573e-01
9.666687444740323931e-02 -1.003367712369052089e-01
-8.113661168705753601e-01 -6.240748842991707956e-01
6.472667452729723159e-02 -1.703353539880908540e-01
6.467450815857778146e-02 -1.652380876528182496e-01
-2.920357969133578480e-01 1.267953828153740026e-01
-3.841793726898941053e-01 7.793681533991728139e-02
1.042768044076479939e+00 1.897430989776307531e-01
-1.290714735297577853e-01 -2.268435205659116716e-01
1.399917342680706001e-01 1.131789386008290599e-01
-1.008060184412345350e+00 -9.394069988041608976e-02
-7.292222575166950049e-01 5.468424837404466388e-01
1.847952690670632003e-01 -1.073284025820473220e+00
-2.073672914520141575e-02 3.239623292161306622e-01
6.505739443118409016e-01 7.592377676943032894e-01
-1.068255503608639967e-01 1.767681062942777492e-01
-7.857611684748936343e-01 5.497704610426249472e-01
9.349311459630760268e-02 2.547221691753025485e-01
3.352852622679681205e-01 2.070132806240778667e-01
-1.324080636971989300e-01 -2.620892760914568242e-01
1.296375879774470108e-01 8.713916490329659537e-01
-3.780011846823541632e-01 -8.107201653247083639e-01
1.111330938489255571e-01 2.935340544232935001e-01
-6.034441639628567167e-01 -4.478629914352739161e-01
6.470445660993248138e-01 -7.724375871557828122e-01
2.163848670543404018e-01 7.988017196467912806e-02
-3.964878700616105145e-01 -9.369910974198032427e-01
-2.556401090166704471e-01 8.397849750632485621e-04
6.195188013109481640e-02 9.702504191233186914e-02
-1.538452017195592325e-01 -1.865683321640038694e-01
3.154897135923093732e-01 8.375133437362911049e-02
5.749252475787430122e-03 2.401580777667361721e-01
5.728015470620592131e-01 -7.442968245667684890e-01
-7.572703359052760375e-01 -2.613672207622055321e-01
3.202163997335619183e-01 -7.448006215244459272e-01
-7.744390589802053748e-01 6.292164733621277151e-01
8.995329022409197517e-01 -5.352378620962759959e-01
-8.142722723501222282e-02 1.938133796456037450e-01
-2.106282434361630429e-01 -4.372693092261994291e-02
1.026922946516248158e+00 -4.395118873119964742e-01
3.915159945547656006e-01 7.806111716965433711e-01
5.035756047569085458e-01 -1.027121767360930527e+00
-8.290202881100482146e-02 2.852432253821751140e-01
-9.038278522389818492e-02 1.867592342887783863e-01
1.894731201297429890e-01 1.748993431125495934e-01
2.245418090251119492e-01 -3.809277293270139919e-02
2.481156377503666577e-01 6.106168063447803274e-02
-1.253978119430309290e-01 1.954432172239872201e-01
8.825744134592021783e-01 -3.397126621498361421e-01
9.433223184501748904e-02 5.485509765431606510e-03
2.037493605601836122e-01 1.178435564775749678e-01
-1.026036733228588571e-01 2.574647853988774049e-01
-7.251665146356765790e-02 1.061764826982831478e+00
1.385835589395074396e-01 -3.044888470332786090e-01
1.895856377140245630e-01 1.870923753608464968e-01
1.196087829134284547e-01 1.122626716936534347e-01
-6.768774221234172828e-01 6.011798639613100681e-01
-7.059996191292106094e-01 6.010225870208798504e-01
-2.608060191711851217e-01 -1.369218594897009811e-01
-1.315087174107351653e-02 -2.640180974977934247e-01
3.137409557040468089e-01 3.291384479046671058e-02
-9.562292168178623819e-02 -1.155102078063764276e-01
9.853568247707510386e-01 -1.952878346309779023e-01
2.699617104383756905e-01 1.488111826687772699e-01
1.010131115594924855e+00 -4.162507457474653449e-01
6.715881345934008317e-01 -7.063618572960034259e-01
1.623659312593285498e-02 -1.272602196393226026e-01
-2.617548188940153064e-01 2.354432166341802191e-01
-2.748751208331683960e-01 1.519917940692897332e-02
-1.114876935290386895e+00 -4.007795917490169363e-02
-8.893643924721213179e-02 -3.155031574478206480e-02
7.727278369681318537e-01 -8.002791673307896314e-01
-1.438786661789032417e-01 -1.685025164141208953e-01
2.140419866413838801e-01 -1.618488552634335387e-01
9.272503412816220925e-01 1.203201781221573119e-01
-1.520887322302446609e-01 1.869460945450436284e-01
1.063393727722347304e+00 -1.019261429426809862e-01
-2.810834341110536316e-01 2.356522629760509357e-01
7.384067842031345474e-01 -5.260788689662767581e-01
5.531484381688351881e-01 5.243363186857281644e-01
1.482080232459406788e-01 1.881737992550461258e-01
-9.470406069390289311e-03 -1.813649131880556709e-01
2.487499623532790916e-01 -8.617823880216525512e-02
6.904856876998745063e-01 9.876695102777124369e-01
4.139782355234596090e-02 -1.182311855528609262e-01
-1.008656872085382350e+00 5.650074304637164868e-01
9.838099860400685293e-01 1.064410415330888648e-01
6.043170886246208573e-01 8.515329891276577357e-01
-1.298340011896633728e-01 -2.370567757634013950e-01
7.465472168223483695e-01 5.230943063307436081e-01
-1.174734038972533451e-01 1.582431131508570954e-01
9.690882111116190245e-01 -3.974142396865284477e-01
3.473802573104324276e-01 -9.684300763483758567e-01
5.905298184487869917e-02 -8.734405356035493950e-01
9.465747242259079375e-01 -3.974140139388095405e-01
9.116344321937053241e-01 -1.074671929374706181e-01
-2.083200974705131103e-01 1.683751565041206044e-01
2.691197261486875658e-01 -2.556013449018823547e-01
-7.030199668495109577e-01 -9.648729385578764806e-01
-2.197052250132703333e-01 -1.005265828599776645e+00
5.505038373409812946e-01 -8.482705607930700609e-01
-3.180547506556122839e-01 9.892531833362624427e-01
4.149898749564123190e-01 8.925544113464758400e-01
-7.453986986843064155e-02 2.237427410921276061e-01
-1.112999286518116526e-01 -6.584515402323078137e-02
-1.306479467748744572e-01 2.846307710028986304e-02
-5.560076793062673772e-01 -6.461593651871025967e-01
-1.239460081671753394e-01 -1.072205697190725948e-01
-5.033995715824555184e-01 -6.600445887322394789e-01
4.417627664948500232e-01 6.297025714115324080e-01
1.128840245228285966e+00 -6.958425505773377373e-02
-2.401825373449541778e-01 -9.058206376313401864e-02
2.980567236892612271e-01 -9.314448590106010339e-01
3.775890123998395520e-01 -9.293760152091133930e-01
-1.548549370598424901e-01 -6.640764850939119557e-02
7.937781350548628323e-01 -6.728162718592117786e-01
-6.052492172168193463e-01 -4.958432918510561338e-01
2.462266436793608959e-01 -9.084174819870131923e-02
-6.970818637463461753e-01 -5.458445123703740132e-01
-7.871371127593066452e-01 -7.241515450716498048e-01
1.163527144250581236e-01 -2.550464792842132566e-01
9.203118879900089588e-01 5.323515236588944877e-01
5.102627944462061471e-01 8.042003658116407827e-01
1.832428609953479504e-01 1.057287668623012822e+00
-2.120641447836694726e-01 -1.018821407718955907e+00
1.686933928112826775e-01 2.253361247825455826e-01
1.053185705172798414e+00 2.743337737198016102e-01
1.005829972809761497e+00 -3.508873381568339278e-02
-2.342106013372611262e-01 -9.728702947959799729e-04
-6.295564046183459439e-01 6.756072126401244660e-01
1.681411955768002120e-01 -2.332411763915103464e-01
9.539306063497451915e-02 1.743542142744805568e-01
4.090434785903172832e-02 -3.430576027995054234e-01
-1.743582550648867247e-02 -2.005733399876973855e-01
3.221343969956782516e-01 -1.088879481596671583e+00
-8.458207251695901152e-02 -1.906637275256077291e-01
1.717571198383207320e-01 1.745588865741427576e-01
7.029687918140616887e-01 -5.040256735755354045e-01
-2.772616211088040905e-01 1.006335825544051765e+00
-7.526580822999011655e-01 5.060330196629185817e-01
9.239820733826366039e-01 -4.223946114224271242e-01
1.007145777123815700e+00 2.203878569173369217e-01
5.994049438175408362e-01 9.169538317366839886e-01
-9.275803375863749256e-01 -3.744971789547557606e-02
-1.147078118423686455e+00 -1.763452712076331586e-01
-9.349166712997267759e-01 1.890868891127362450e-01
-1.919372986374635881e-01 -2.481386951792707019e-01
-9.230575380549308484e-01 -2.606849284493980012e-01
8.741709786229037160e-01 9.012461799254031791e-02
-4.275988410479673041e-01 -7.600036113768919854e-01
1.002121702267909864e+00 -1.474995988085244514e-01
1.453859319191925792e-01 1.904520563540701150e-01
9.670536549759316536e-01 -3.484095625953722575e-01
-1.376048636257520552e-01 2.169998008222265296e-01
-1.225202535625688899e-01 8.572505100016336588e-01
5.778945699516274681e-01 6.799996401745799224e-01
1.934986286362281038e-01 7.204232466536940327e-02
-1.872978712291291092e-01 -8.877371574977102053e-01
7.450081428714245835e-01 5.755678841083627928e-01
-6.799340449961071009e-01 -6.288816084130670614e-01
-1.654298888704527903e-01 1.249018744511425950e-02
8.012438096770865825e-02 -1.505529396936954312e-01
8.389512553781751647e-01 5.982882916867697798e-01
2.066800680562749515e-01 7.075938893824815223e-02
7.124074339737953565e-01 -4.291865544469492533e-01
2.840342444840457947e-01 2.559345940283100362e-02
-3.949671970529495812e-01 -2.121284161760028097e-01
-7.629934890766445488e-01 -7.094999465707121367e-01
-1.061885021729007117e-01 -1.621596137194007969e-01
6.284173980311665852e-01 -8.290128995871881568e-01
1.983169803084126326e-01 9.656981276148066118e-02
-1.664915982514201531e-01 2.147262416554382436e-01
-2.041373171268988929e-01 -1.034130026383852430e+00
-7.295127008201649499e-01 7.141159300299863011e-01
1.664217258724921822e-01 2.611263150253331777e-01
1.185634059093930853e-01 9.518424254001329743e-01
-3.016506937016666390e-01 -1.034143203700332192e+00
-9.551462739888303410e-01 1.586054403468541429e-01
-1.038838214117580705e+00 -1.542081776678082272e-01
-1.458102524899514141e-01 -1.591544114058111858e-02
2.908456851003861088e-01 -1.046058971740035926e+00
-1.530690496559702907e-01 -8.954504650872140148e-02
-3.669815845285273048e-01 1.006180393096304249e+00
9.812775098679250851e-02 -9.685206612188174136e-01
1.757618235908651738e-01 -1.456221124926181942e-01
1.257250167827571319e-01 2.346812231451967656e-01
2.646344261441401224e-01 -9.119336961896865046e-02
-4.984535723977793209e-01 9.705915567400600352e-01
-2.746949721007913015e-02 -6.371612031921061736e-02
7.385804179556455795e-02 -1.604524789984937416e-01
-9.666995032455044656e-01 -3.131896591030774446e-01
1.050488336432707337e+00 -1.566369623242640230e-01
-2.942740374462344821e-01 9.633991145481629603e-01
-3.369548195120035672e-01 1.127067146936714392e-01
-3.146420003462786497e-01 -1.240838904293409539e-01
1.903645506506887464e-01 -9.249738328497391082e-01
-1.599287466727516427e-01 -1.679636448984312969e-01
6.639587371615002231e-01 -1.014469860170970295e+00
-6.696457069603926893e-02 -9.762544238406839492e-02
5.273952107437393511e-02 1.653600965697593073e-01
-2.280488580043912306e-01 -3.385052033996961418e-01
2.706338424833367728e-01 -5.778100672829278306e-02
-7.186016835488942545e-02 -2.383108039026337333e-01
-6.704135799422518416e-02 2.092258202765140962e-01
1.944500604339644834e-01 1.283685996576786059e-01
-9.390503375519796414e-01 -4.486655344795547062e-01
5.371253228177097494e-01 -9.368611077349848770e-01
6.329168099084392374e-02 -2.306841708658112222e-01
1.911870903316754133e-01 2.763795530344567708e-02
-7.403579364633351423e-01 2.986351959208147777e-01
9.725068932002042810e-02 -1.898428759839332625e-01
-2.573414004418866918e-01 -1.068145147460701549e+00
-7.302362041247431046e-01 8.386888384379140859e-01
8.554658481019286609e-03 -2.153019033835567309e-01
6.013209528797373860e-02 -1.085154848171175912e+00
3.076868651082826922e-01 1.035682416166522790e+00
-9.578521863599920305e-02 -1.478230864127216548e-01
-1.714779198797637683e-01 8.393577746891155433e-01
-4.917370998694217676e-01 6.641722690857345679e-01
1.250225579073898641e-01 4.037436791133039438e-03
1.210263119435917856e-01 1.043042060179947828e-01
1.026524663059985437e-01 1.257076437973170813e-01
2.597371234231745651e-01 3.004448546080050741e-01
2.083659346146758962e-01 -7.544791839293479851e-02
8.849798533806789713e-01 6.356649051647742521e-01
-2.085742002067921264e-01 -9.668102558696782811e-01
1.144108695532438658e+00 -1.326526833349265244e-01
8.751598915201543871e-01 -5.401360613479065931e-01
-1.747636734734049624e-02 -2.420389622982922484e-01
-1.186006581143624616e-01 -3.353642044584911330e-01
5.935792339222314418e-01 7.525510224687055327e-01
-8.444721089339124465e-01 7.828203182721650277e-01
-8.538077380582383136e-03 1.975387263593399723e-01
4.206265488305711009e-01 -1.032967585301657332e+00
-9.094539819497822197e-01 5.285510092690837158e-02
-2.088264297240536305e-01 -3.558448779601848244e-01
-5.007039276235060177e-01 -7.327026728819777679e-01
2.655614460717232728e-01 -8.419262849154623973e-01
1.881657220371602546e-01 9.543825891137837081e-01
-1.007558465190263153e+00 3.454418144212281772e-01
1.181087224194004720e-01 -1.731344133567450649e-01
1.494449212767176849e-01 2.161971747138528577e-01
6.292144412229944139e-01 8.008855910996596217e-01
9.688537783732535935e-01 5.300607711984551829e-01
1.107563236282873703e-01 1.297559592508463477e-01
2.033404804567026380e-01 9.563414157953339378e-01
3.495622510682635520e-01 8.700050188807507690e-01
-2.268758599708998458e-01 -3.753165456140431649e-02
-8.591200716097617818e-01 3.546389518297498045e-01
1.830669638295540358e-01 3.871950887532445984e-01
-1.303740338782764796e-01 7.624720515194352011e-01
1.376794440605252634e-01 1.045961412832949300e+00
2.508910366098474065e-03 2.437034059460370383e-01
1.072190248549900193e+00 1.868992981824149080e-01
-1.105133782964291961e-01 -2.068778343633710104e-01
4.162728176205073849e-01 1.022920873218774895e+00
1.877870627685685190e-01 7.030853844054357760e-02
-4.737633246323664782e-01 -5.930063739494695341e-01
2.819761261071513370e-01 -9.905810562116103002e-01
-1.394549535317140820e-01 -9.999248299148343344e-01
-6.902608876741578303e-02 9.488232480992406237e-02
