1500 1

8.749724521628522211e+00
9.371965782793225230e+00
1.060024204588221686e+01
9.063384288739658956e+00
1.331179388437510802e+01
7.663638764394195668e+00
1.164246234317773521e+01
8.523586378415874520e+00
6.444039727668466888e+00
9.850624529623640768e+00
1.217881810400004916e+01
5.979218258269708208e+00
5.649200625352869487e+00
5.447375298737765270e+00
5.920130594873219465e+00
5.068484090615107185e+00
1.058031215318455942e+01
1.056633682359691484e+01
5.652156787537608196e+00
4.820459504431421571e+00
4.925351520347156509e+00
6.338066943551282861e+00
9.883800800676434406e+00
1.313090990601665808e+01
1.294229417961144968e+01
1.360671066116330330e+01
7.655581381105213801e+00
1.075726182860706359e+01
1.233450819030452195e+01
1.391470959845979571e+01
1.337382110013637337e+01
8.437390344577714529e+00
1.374757469810565524e+01
7.502215927249280547e+00
1.232676328400447474e+01
1.074417122010206249e+01
1.071720062040799881e+01
4.749639694788152511e+00
7.562532145733535494e+00
9.437433347142434314e+00
6.478300491573503628e+00
5.279969101900918282e+00
1.125496532625151147e+01
5.701677783416133849e+00
1.151876290932437996e+01
8.897064572257820103e+00
1.151543837026657435e+01
4.933103343685172781e+00
7.195358033822776278e+00
6.864862154557815899e+00
9.413420310133698621e+00
1.053437898765329805e+01
5.211838053984481967e+00
6.420074221620189370e+00
9.370806305195355179e+00
5.378642753488311889e+00
1.062228655103346142e+01
1.216355721443903626e+01
1.209446730308009421e+01
7.513382330075335958e+00
1.283660753828036682e+01
5.382947842344270484e+00
1.235548987573650592e+01
1.134974691400615932e+01
6.611787292173698205e+00
1.245696170325670060e+01
1.328640285863654569e+01
1.053915799327106662e+01
1.056731198971291441e+01
1.379228469753412512e+01
1.345474903358545227e+01
1.259413932119358215e+01
7.970975470219349823e+00
1.139492414068168458e+01
9.904201127820849493e+00
6.958544616400820892e+00
8.283402326926623260e+00
7.611083592282553489e+00
1.352269187555764773e+01
1.012799729370050450e+01
4.939945854986259377e+00
1.264928696940416231e+01
1.400834323212024657e+01
7.377248606705047784e+00
6.330567956114356853e+00
1.136699100557597042e+01
8.493604340079061288e+00
8.877131152573543460e+00
5.655536755122470005e+00
1.405612682989535323e+01
8.184860328081237313e+00
1.171510347734261970e+01
1.088818518617827280e+01
1.403531311836159645e+01
1.177197542756436022e+01
1.074784278809659455e+01
8.137197622558238308e+00
8.098589134319913896e+00
8.577319831941460748e+00
8.785017557839870150e+00
1.263243307433885043e+01
6.740482923455461517e+00
8.867557542733379705e+00
6.454163741450322789e+00
9.090496631683178563e+00
9.814990712742854839e+00
6.424767927046174165e+00
1.224720981851399770e+01
8.922811402627353061e+00
1.269000829171812583e+01
1.309435910196337538e+01
1.377952580252521919e+01
1.071480847267722858e+01
8.798469390991968453e+00
8.505606476322723708e+00
1.009554490910777602e+01
8.509252085141618238e+00
1.114920654549999135e+01
1.284142990567277387e+01
7.918958626567975223e+00
1.376053594453176920e+01
8.229528164878287200e+00
9.259299687768971054e+00
7.460372572621567500e+00
1.037003245765951576e+01
1.038367273737345187e+01
1.067118458851495966e+01
8.495813075379745172e+00
7.021458652228134589e+00
1.013675478000911312e+01
8.677297129146475996e+00
1.071526691389700758e+01
6.168989197273809566e+00
1.219273287885813062e+01
1.049520348723050667e+01
7.367822267346840981e+00
5.209949053558349696e+00
1.063503374052137218e+01
9.156009581870256042e+00
9.076848004715845519e+00
7.335872423672138432e+00
5.381760212450283021e+00
1.041824147940989675e+01
1.058387634339410255e+01
6.926084800110969830e+00
8.467474408606719294e+00
7.288869764272788210e+00
1.100409529345649062e+01
7.601556017082235606e+00
8.609908336733825607e+00
5.779447941785416987e+00
1.220232700494497280e+01
5.092609338300676747e+00
6.088047420059708337e+00
6.676466343374309886e+00
5.802326341478920568e+00
6.854300668906007310e+00
9.459606295330775794e+00
5.882570920384093682e+00
1.149517366947565122e+01
6.535067393577667971e+00
1.034343898322520694e+01
1.342617841078093477e+01
1.225529142031541774e+01
1.094431956451526133e+01
1.247627910488921898e+01
1.015069290278220393e+01
7.642689880202102160e+00
8.170259088213834175e+00
1.290502756055475153e+01
8.628899705856571956e+00
1.266228063228259515e+01
7.210338761201769309e+00
1.407162271105200624e+01
1.129267681544400936e+01
9.284548991103916293e+00
1.011306185189019757e+01
1.050814989526333321e+01
1.194195419421141402e+01
8.966775313534988356e+00
8.248592551827995223e+00
7.106238967465958289e+00
1.298505375946796292e+01
1.005814446310607302e+01
1.050319184871278289e+01
5.879869222436380660e+00
7.041050650377747466e+00
9.298081995980592040e+00
1.235316028435078550e+01
5.049063962872200939e+00
9.245281511533088192e+00
1.412259645817486309e+01
1.384479395307844563e+01
5.629994597965770176e+00
5.091804404659506567e+00
1.361845742856249863e+01
5.040922134027115753e+00
9.136421364746322382e+00
4.883300918870109086e+00
1.202426224837839364e+01
1.183744485555290638e+01
7.139324977672171002e+00
9.913903901555586984e+00
5.828410070379827168e+00
7.909525495428257003e+00
6.541311015758392244e+00
1.146434131375368892e+01
1.077822511456679244e+01
1.396287308827563400e+01
1.400567613425775981e+01
9.731180284991921781e+00
5.032431375835675347e+00
4.778596190940909594e+00
8.472818613118459297e+00
6.929191351602560722e+00
6.430879207637922867e+00
1.261834929839745456e+01
1.135235590169807018e+01
8.935992139630068110e+00
7.435125564542515164e+00
8.571568741009006231e+00
1.290382913621060901e+01
8.892067642869209365e+00
9.882127966908734962e+00
7.934964193748585970e+00
1.098377401344044202e+01
1.285569120781591046e+01
1.151130380818815269e+01
1.122180449224322274e+01
8.663906328077539243e+00
6.306247566195776422e+00
1.091570460660608610e+01
6.493752199859356367e+00
1.170107485415742055e+01
8.549493644817008686e+00
5.478089209745750310e+00
1.268932067543486042e+01
1.223888072821846684e+01
6.114496535022904133e+00
8.812231485393008157e+00
1.096244287420462982e+01
9.526983178007171205e+00
6.839171492238167005e+00
1.326752672077300055e+01
6.011546687942661116e+00
1.181319303004301879e+01
9.348924937307485195e+00
1.195272502703711659e+01
1.297726224691253627e+01
7.628136513596959212e+00
1.350126887142327448e+01
1.216096757241917992e+01
5.592286045886035950e+00
7.679765248635529673e+00
1.216893191058786883e+01
6.298880552719960946e+00
9.426403152408884267e+00
1.298299554337056705e+01
5.505964732926416083e+00
1.179442715493576621e+01
8.354490058514771889e+00
9.571528131413924001e+00
5.810469098383222786e+00
1.316059941032432334e+01
1.286371215776403076e+01
9.872313514166920712e+00
1.323588212611750770e+01
6.569739221279123242e+00
4.764762681802479527e+00
7.816707451525302552e+00
8.694615093919381366e+00
1.384419128528980814e+01
5.437345745715076006e+00
8.532420565474740926e+00
7.957884501167820979e+00
6.755467062259907784e+00
8.377169716227930607e+00
1.059883255512328049e+01
6.113536218853846016e+00
1.234031238432218736e+01
5.214777860202014281e+00
6.911682289973768434e+00
1.055963798869972869e+01
8.554668716781764104e+00
1.307347966961886065e+01
1.259507503067743883e+01
5.910336350499808766e+00
1.387298887858644036e+01
1.266507430855993199e+01
1.309379728249372299e+01
1.074354711241818805e+01
5.248484889613695970e+00
1.336925739632470211e+01
1.183161774767383534e+01
1.364673372227385961e+01
5.274523805586963654e+00
9.343109278357944802e+00
9.338983214699929647e+00
1.193043977434129843e+01
5.012347190185786339e+00
7.464007054349933945e+00
5.800402611247619689e+00
6.728374980542746187e+00
5.018083678255001345e+00
5.665365631814031744e+00
1.148169146190352130e+01
1.211809794378036109e+01
9.007430025592462641e+00
7.214685977688602314e+00
1.269349746966495296e+01
8.364182353756557831e+00
1.311954828146909335e+01
1.053921307010719133e+01
1.077924784973365036e+01
9.060920085875988406e+00
1.078164922362955025e+01
1.358636214859722102e+01
7.159056130170288412e+00
9.714618010423327732e+00
9.220132564142774712e+00
4.762705036170661543e+00
1.059944225497587134e+01
1.146418074031008061e+01
9.050642188389790732e+00
1.224944195920437906e+01
7.270243092182523625e+00
6.495252647413580327e+00
1.141122875770291500e+01
7.488996170334716318e+00
5.637664686280789539e+00
1.254107318352430056e+01
9.441392279089102502e+00
7.146929064217626859e+00
6.264914855571928953e+00
8.125706610081140369e+00
6.491644231391923370e+00
7.311371690708005744e+00
6.432180821084608091e+00
1.277581732476373944e+01
8.938369497132937269e+00
9.861113008857904205e+00
8.512371399995453558e+00
6.310670154496150985e+00
5.687628877701623509e+00
8.859111833366053901e+00
1.137897182791399686e+01
1.109251418191586858e+01
1.038159764714744959e+01
1.079491406813880694e+01
5.587511057350595500e+00
1.348030220526717926e+01
1.113976780780574138e+01
7.773465747509919588e+00
9.721046032666063041e+00
1.200670257596694412e+01
1.391448051842546541e+01
1.245880795759054216e+01
1.011045449593870060e+01
5.982575079404406360e+00
7.310676855237223215e+00
8.035754554434237917e+00
1.204784711092836957e+01
1.061283631727937760e+01
1.255002443240406507e+01
1.293908286331807567e+01
1.111306303485775082e+01
1.125635815504184656e+01
5.910516306644163720e+00
8.005741332218658357e+00
1.116136889653150277e+01
9.592676211602585212e+00
1.092839840022034004e+01
1.268714797453596788e+01
9.953153744036924877e+00
1.394050304025425469e+01
6.021880994640585349e+00
5.236378013736771031e+00
1.278765927759700460e+01
5.850810626565410288e+00
4.732414217411470503e+00
1.370071514677438529e+01
6.567618057635064233e+00
1.196388983064127842e+01
6.627683404214941731e+00
1.361125197307229051e+01
7.074370200413445886e+00
1.132883275591252925e+01
4.852858979889439262e+00
1.377230455322869140e+01
1.364659667893614170e+01
8.551326595855099910e+00
6.229087723901598039e+00
6.822825752905877117e+00
1.339324337771542517e+01
1.006201506446153182e+01
4.795328106997460260e+00
8.773644538398292170e+00
7.174628410582453597e+00
1.116183368512427698e+01
1.242587260992648446e+01
1.169661871248977469e+01
8.682502878279700909e+00
1.316783886883134613e+01
1.065778682884543649e+01
9.665610465201615042e+00
9.449499615948788289e+00
4.885972498144901088e+00
6.558361271276143434e+00
1.358643916963315945e+01
9.776778486248121069e+00
4.777780648882155923e+00
8.988232043878472410e+00
7.738629370225853954e+00
8.398557508939806127e+00
1.244810307347422373e+01
1.088662540163899095e+01
7.680860724526382022e+00
5.213948101006054436e+00
1.125838946297432308e+01
9.383482838744813037e+00
6.773661716954381795e+00
1.028564937471441709e+01
7.412092221441797690e+00
6.793744476278781974e+00
1.085761082243411835e+01
1.266787162146419021e+01
5.644788862994953860e+00
9.735261568259259590e+00
5.952175012621341743e+00
1.238901374679665146e+01
8.723368899273674870e+00
1.199052716344948699e+01
1.101533702881049415e+01
5.102443555507158557e+00
1.256236682037470054e+01
6.664741325464089705e+00
9.001862017711561137e+00
7.224848596190462935e+00
7.715625573033348950e+00
1.204284997688846381e+01
1.219579853922601131e+01
8.639000038306450691e+00
6.267449867284138776e+00
8.828078036518103744e+00
8.412746944797982351e+00
4.914728471884186156e+00
9.282107518777658939e+00
7.848331141145459711e+00
4.976792781960081236e+00
1.400955105686353264e+01
1.239907884683426609e+01
1.141006468688431141e+01
8.977070123953749814e+00
1.010084745293563024e+01
1.147051191141303583e+01
5.772787586972646601e+00
6.269019411281251841e+00
1.408283973132981259e+01
4.947668941965695844e+00
1.157336230320374426e+01
5.768430898819540964e+00
6.097307890735012670e+00
1.107424417926968196e+01
1.035795865682731431e+01
1.370374253098253448e+01
1.304599536303109453e+01
1.068154286457675539e+01
6.167440281346256548e+00
1.021962720567145233e+01
9.911780404388760957e+00
4.736500059578314215e+00
8.600628581190882471e+00
6.621590951735472075e+00
1.134637567110917011e+01
6.507353643656208497e+00
1.161324764536585974e+01
9.693405119644909362e+00
1.003617507037749945e+01
8.185095913370735943e+00
1.241745902482679220e+01
1.257846031588883484e+01
9.299079729623343837e+00
8.848957218970163296e+00
6.124611097697590267e+00
8.956181915927537318e+00
6.734502991702091990e+00
7.433856007510143193e+00
9.779984199178944237e+00
1.016825989042780165e+01
1.388096884741506898e+01
1.395904430204246616e+01
1.219766659609817872e+01
1.055406700291922562e+01
1.128627453569727379e+01
1.072151415868713720e+01
1.163204905277575030e+01
6.728265896024635317e+00
4.814298887660560133e+00
1.247265396165502160e+01
1.340182221850636068e+01
1.018162739474901635e+01
7.510520849741430638e+00
1.010465478999340760e+01
1.028055886480970038e+01
5.987106122778962813e+00
7.983919844024482515e+00
1.155983176322710904e+01
1.299439260751924330e+01
1.251635076224996723e+01
1.220830041208488836e+01
1.134518351510174483e+01
4.919570099127446916e+00
1.334675481631527383e+01
5.042059451990001051e+00
1.298372117446339935e+01
9.729868624782689324e+00
1.067897966775757546e+01
6.604363005887199378e+00
9.314970594668782411e+00
1.203675489648709807e+01
1.177146680338790752e+01
1.322666637349928465e+01
5.517950951347702748e+00
1.188659813898527062e+01
1.001782239093523863e+01
5.451632891575139084e+00
7.373885882196390185e+00
1.093020209278786936e+01
5.864828164956752410e+00
9.832961192513742787e+00
6.952681378699934633e+00
7.002584454555326410e+00
4.720253491398254120e+00
1.095774672857822196e+01
7.821653112154955068e+00
7.563169512104026992e+00
7.710915308474072027e+00
1.384671856050066907e+01
9.095645942026189701e+00
1.270005064617387447e+01
9.221862512481424190e+00
1.256866635991759473e+01
1.316610734615123413e+01
1.066332163168761227e+01
9.536045251351188412e+00
1.377619480001964547e+01
9.111150223758258448e+00
1.266713357567295795e+01
8.536063848737558857e+00
7.274630566133905241e+00
8.301693958717624611e+00
8.577561283500891420e+00
6.707902047495265307e+00
1.145400961604932988e+01
5.672235170750701272e+00
9.677951651096163843e+00
1.388102699919985206e+01
5.234808470324828100e+00
1.120553790926986437e+01
8.091910493216182942e+00
6.527541685182772113e+00
1.320669199063311261e+01
1.379376556719337188e+01
1.147998564523343035e+01
8.669427060560025211e+00
1.184044397151523853e+01
8.618980512928628102e+00
7.747898897725450595e+00
7.747166636008598672e+00
1.190474944856353900e+01
1.137307230227352406e+01
8.481591548705102568e+00
6.755770785680804025e+00
1.141969805562633056e+01
6.354500795336210039e+00
9.890553086257304116e+00
8.079449401060259106e+00
1.081735443500865301e+01
1.138995056218297641e+01
4.769864885400570742e+00
7.005266855955081695e+00
4.813239510244056163e+00
9.382918764123125754e+00
7.557356817739169230e+00
1.230042650682642247e+01
7.573680710315735531e+00
1.120239406585902664e+01
1.249577912646404165e+01
7.987024724348413152e+00
1.086194615459275781e+01
5.200190166021588567e+00
6.466874766227026505e+00
1.231286700075771456e+01
5.104345019382169113e+00
9.139408923594016798e+00
7.179631606698450241e+00
6.711715976027607056e+00
5.453117911003487528e+00
1.128041117798316684e+01
8.769477500593513497e+00
5.480913645350200980e+00
9.729615113789547465e+00
8.682726892597070645e+00
8.926705915196963659e+00
1.189697255123018849e+01
8.778303302301269539e+00
5.167908071445975082e+00
8.074521694256448612e+00
6.329801624683993211e+00
1.300537577470564266e+01
8.885657636155817940e+00
1.188067002936279515e+01
5.884983299949900548e+00
6.907948281608720542e+00
1.295385422338869752e+01
1.006567986571286610e+01
6.816375289020362160e+00
1.259832539665758233e+01
1.344252318606168650e+01
5.005616063050883469e+00
8.803449209965910072e+00
1.183282841683797670e+01
7.945248872490235037e+00
6.286893902353980046e+00
6.802463226455795819e+00
1.350748949784165909e+01
8.142580201676382856e+00
6.360380973062056853e+00
1.286487938150840904e+01
7.469915966828938991e+00
1.070621713541577336e+01
8.127584456725529094e+00
1.265665774219626982e+01
7.989668323114624826e+00
1.233407268062304318e+01
1.009352708075937421e+01
1.252156217286121986e+01
1.017370913028424262e+01
7.435103378809870378e+00
7.506161385663795649e+00
8.214024384191635164e+00
6.394169635134280938e+00
1.013337342098734339e+01
1.014941756161556263e+01
8.918373801028012693e+00
6.536906827209001847e+00
1.112233367494439307e+01
1.112326604970732191e+01
8.550667946018410959e+00
8.331624579515686690e+00
5.409059477147268424e+00
1.159956812635396872e+01
4.913200486728293015e+00
1.207364848788101952e+01
1.267622533639707427e+01
6.383434372699186454e+00
7.135269871011628240e+00
1.191094938833259853e+01
5.398215495441111678e+00
1.348426490578951764e+01
4.838515370723856179e+00
6.776248015976116257e+00
1.038542932253868933e+01
9.816953915890611171e+00
1.181692519039898848e+01
1.077989965253343385e+01
1.274502898410657892e+01
1.223652642436595883e+01
1.174389370423269341e+01
7.429523381639737245e+00
5.219353529282396487e+00
7.107084333671507714e+00
7.740812551649576712e+00
1.228463786478081943e+01
5.193861870425103611e+00
5.526998477965291201e+00
6.126057951094703746e+00
5.538589762228961710e+00
8.858818734105176063e+00
1.406790323159166967e+01
9.560868201347881623e+00
5.743678764534076109e+00
7.775222321369373191e+00
9.829895504979353049e+00
1.037875668897184767e+01
9.527531395907535838e+00
1.251517478607416400e+01
1.028262071104207642e+01
7.492979165681060039e+00
5.190285157542836814e+00
4.981587565175513710e+00
5.256013937449911744e+00
9.989706889602858908e+00
1.354430227475298842e+01
4.911898285464043390e+00
8.099923646906756147e+00
6.695598347220096613e+00
1.394189465703738406e+01
4.785242496743190799e+00
1.034296304500445984e+01
1.010528172488909604e+01
1.404549547325716929e+01
5.372073920387557600e+00
9.353932827604527489e+00
1.177771477912204112e+01
6.594411872675236985e+00
9.800879797666894433e+00
7.351618903844169495e+00
9.296780227766531013e+00
7.884591426067429687e+00
8.934670914253945995e+00
1.205819856729359252e+01
1.351739367173727402e+01
5.558051223227227666e+00
6.944032872009720414e+00
9.759807248489790865e+00
1.406640045159701735e+01
7.638054143528913542e+00
1.158501224761195658e+01
7.352439218551187317e+00
5.146475632778625631e+00
5.316323897657339259e+00
9.443146088935936433e+00
1.097502932337798320e+01
9.209103044582855446e+00
9.789183726413611453e+00
6.845735659511438698e+00
8.233887618044679613e+00
4.788444000370638776e+00
7.824047199326850333e+00
7.584046790608907962e+00
8.966186530655789966e+00
1.136905114424603092e+01
1.166257905942336848e+01
1.311281551804831835e+01
1.342663602657815147e+01
1.005334430311240368e+01
1.098561316947239064e+01
1.218048417393280758e+01
7.152789851987722436e+00
9.844835376926756254e+00
7.084424517337133409e+00
9.539425406137137742e+00
6.762067681552736076e+00
9.541382001193362328e+00
1.351943175512565354e+01
1.290025128300838020e+01
5.746746632452315318e+00
9.473044978056609722e+00
7.229470459580065622e+00
1.380635188201445374e+01
7.601532418781352440e+00
1.238697460090142854e+01
1.235029170149170241e+01
6.010716154856487137e+00
8.598971004539382790e+00
1.376516965755662092e+01
1.352316029482549986e+01
1.164266689403108224e+01
6.291656539818068161e+00
5.541404638080027034e+00
6.541240446280631282e+00
9.012798889536995262e+00
1.084524174450805845e+01
1.386057761238347652e+01
5.997272680419240665e+00
9.466858911005934019e+00
1.325315216886337488e+01
5.117960095295853939e+00
1.327311954670053851e+01
5.844582178159424046e+00
9.240280013351465982e+00
1.314408772713542461e+01
6.169016025211851328e+00
1.373238998118130993e+01
1.404671575729975430e+01
8.166743652374810480e+00
7.341142575014432126e+00
9.127051350988878653e+00
6.313662118122989497e+00
6.899369542272593137e+00
1.348621696808899095e+01
4.748037365545900279e+00
4.929091576816986731e+00
5.478116325067360570e+00
7.031235640193641778e+00
1.287298578363103196e+01
1.386715259609530726e+01
1.232053962013100268e+01
1.149444213166207440e+01
1.180650210677574741e+01
7.238992079458108186e+00
6.397656198787228909e+00
9.886521457203482299e+00
1.198120424986904986e+01
1.000704854545338662e+01
1.080690623259712879e+01
8.922984845765220996e+00
1.083278631040681184e+01
7.737743695844485181e+00
5.259910135553639066e+00
8.482861248909424390e+00
9.517509021737643238e+00
1.093568985361303092e+01
1.376683319546235040e+01
5.771756046896818759e+00
1.214697761669991039e+01
7.946518517484737032e+00
7.595366442513046934e+00
6.648047857316088383e+00
1.378958288289483747e+01
4.827588033290933112e+00
1.172900136508491542e+01
4.743031433771436767e+00
1.408313838024318976e+01
9.056157161108663090e+00
7.389771220009592412e+00
1.114038073033359133e+01
5.208029339793526447e+00
8.955693046994189999e+00
6.279762031823839408e+00
7.898825681396560050e+00
5.856630141702535930e+00
4.746667086618131748e+00
8.741067806315028221e+00
9.833571328869631145e+00
1.137709927445470903e+01
1.337189286999686466e+01
7.756346394045235293e+00
9.514900434563372755e+00
1.360937329268071849e+01
8.017688593325381419e+00
6.675910898738969479e+00
1.337096459891367672e+01
1.174823565160439109e+01
8.049308708173740001e+00
8.063972596216157029e+00
1.396645862907179314e+01
5.865222505313901102e+00
1.259274775751239872e+01
1.387756890406363119e+01
8.250565413901142620e+00
1.109501871179192634e+01
5.292077179438182455e+00
1.143365558295233342e+01
9.555194126827142753e+00
1.353442572121233312e+01
6.631517820832502075e+00
6.496185027307984861e+00
1.382164709091170529e+01
4.746652322205058283e+00
6.569011866687060497e+00
9.632533103863075041e+00
5.174939398006351610e+00
1.084391664883386497e+01
7.042380151093785123e+00
1.049210506457334624e+01
7.310952925943224656e+00
1.083615703387056506e+01
9.153053882707776978e+00
7.962405374572721684e+00
8.409310860387751774e+00
1.182499082875738772e+01
1.237981212737266468e+01
5.850225167067482523e+00
8.959553488141319022e+00
6.423213535869948920e+00
1.293805662667651646e+01
1.408274039323019089e+01
1.171905354279422617e+01
9.633772684973187950e+00
4.791490898543926846e+00
5.066321369643413064e+00
1.162603239680149159e+01
1.316878617970781917e+01
1.182206362120683352e+01
7.417269402131744904e+00
5.273279091342589098e+00
1.134705255870758656e+01
1.352136074659560627e+01
7.331112569489007136e+00
1.150294685974842857e+01
1.100361576044299916e+01
1.093132121529900758e+01
1.164559171083752354e+01
1.023173553228378729e+01
7.107096829241220881e+00
1.322718583408418347e+01
8.058367596449839354e+00
1.246188667434076613e+01
9.463505260419369236e+00
6.775994415852197861e+00
8.492351252479959811e+00
4.902649800184217810e+00
1.124687167937860721e+01
1.328363475334446875e+01
6.242959766072618599e+00
9.311240674140329077e+00
6.382895758344949932e+00
6.684734875767807338e+00
1.186670882797038473e+01
5.991197236765878564e+00
1.230053793061980016e+01
1.115023937560656364e+01
1.070423025095165492e+01
8.358423124432826867e+00
1.261312274667581868e+01
1.137243530063425290e+01
7.689128440582255308e+00
5.156507761434879988e+00
6.711465103005595623e+00
6.990930886450838599e+00
1.041595588264095618e+01
8.030373519662644455e+00
9.838115819964215802e+00
4.952558047306511391e+00
1.187343322142315216e+01
9.136552376933593678e+00
5.410016106724105711e+00
1.306362391150224411e+01
1.278824522186570789e+01
5.453703142810738314e+00
8.512980705471141718e+00
8.095085218727192000e+00
5.704786268390749093e+00
9.277232818689284954e+00
9.975695664943089014e+00
8.795734398863469750e+00
6.284860398605018439e+00
8.572577434751705638e+00
1.385405087973742688e+01
1.112795785528874326e+01
9.140648100429723755e+00
6.515372611675827486e+00
6.814640079451433685e+00
8.963457184808802936e+00
5.032187898719465480e+00
8.220438986731776865e+00
7.525340431856585077e+00
7.866595854987142644e+00
8.456594644994995136e+00
9.800020690299492188e+00
5.237146135290532634e+00
7.537046125478555680e+00
9.225041709695027237e+00
1.095971830615398623e+01
5.236692679875472933e+00
7.966660344977658958e+00
1.306637537115466330e+01
6.140580702735160656e+00
1.140663241661526683e+01
1.213541341691476561e+01
7.315454498382525372e+00
8.212336983930185852e+00
1.232994348416898944e+01
7.470879984914631677e+00
1.379146528976556496e+01
5.388682716740443190e+00
9.964874738654463826e+00
1.013936087839729794e+01
5.422444611367975398e+00
1.180940425045939079e+01
1.009507726849213149e+01
7.172184461202296468e+00
1.007499003365406054e+01
1.388009544867401424e+01
7.987965641180382548e+00
6.418230928130808088e+00
8.059080723431868876e+00
5.335581925749625753e+00
7.435203416140448773e+00
6.086594537711367714e+00
1.355408849188500042e+01
6.583025727659814308e+00
6.967908092684728771e+00
5.950676214767429251e+00
7.144693515950049090e+00
1.238566483503127102e+01
1.050834831270460690e+01
8.776773973071593460e+00
7.468671084547373162e+00
9.686798342611332657e+00
1.179575720831349628e+01
9.832589864596130269e+00
1.373838711801364276e+01
1.054510030638218332e+01
5.558135752386670347e+00
1.322300802525620789e+01
1.407473051974571376e+01
5.439425721152464810e+00
9.509852710399037790e+00
7.098420827421557888e+00
9.073434860578251104e+00
6.368149737809906341e+00
8.418954623909606028e+00
5.944049998029266924e+00
5.064106465361266629e+00
1.210216548891707156e+01
1.089053404123560398e+01
7.901687209373179144e+00
1.391274010141202666e+01
9.475729679690250151e+00
9.514703125929393934e+00
1.352058994146665150e+01
1.233036503922471638e+01
1.256429577919215923e+01
9.841206639224534314e+00
1.406809466553905885e+01
5.306138921692149957e+00
1.030390564460313740e+01
1.129508684614092040e+01
6.083010083380418820e+00
1.059442633301896386e+01
7.523351944671756719e+00
1.266880762632534818e+01
1.001996727699186707e+01
1.144309301783049904e+01
6.779159162809157202e+00
8.066205330399302653e+00
9.656032512862653405e+00
9.900647681610861284e+00
1.081123917272643098e+01
1.360392972349651863e+01
8.717914181026177545e+00
8.363723165664881165e+00
6.400470745591865018e+00
1.335085734356952081e+01
5.184489291383517440e+00
5.546163034019386373e+00
1.335737027239827235e+01
6.733523652651165925e+00
7.852658277773456597e+00
1.178845053182194391e+01
9.094819768607138144e+00
6.256354849499905946e+00
4.937786637362327369e+00
1.233186526498145597e+01
8.705560438860260319e+00
1.222922118636349964e+01
1.142279615402926574e+01
6.291452765959707705e+00
4.979361343404639761e+00
6.932891379410681232e+00
5.298479081493758791e+00
9.924458923468268523e+00
1.315277964171818859e+01
1.152871286898314374e+01
1.023841361040104481e+01
1.109066125220286914e+01
1.178310565886184769e+01
9.011558480108568858e+00
1.100245508347448542e+01
9.358910233817880453e+00
1.174093862074011874e+01
8.138705902808249348e+00
9.575507333173570501e+00
1.218698004614695307e+01
6.706047385993100463e+00
4.874218952150569883e+00
7.710058393220514894e+00
1.084357932971521166e+01
5.421762206199104206e+00
1.146161544286337985e+01
1.362574896005694569e+01
5.466357573998175567e+00
8.129308992701705705e+00
5.944554090796899004e+00
5.934782417437848068e+00
8.857044095480439694e+00
5.220350306283918052e+00
1.167337807174215669e+01
6.986820185867214761e+00
7.255469046721128024e+00
4.968573442693792863e+00
6.051509346675820744e+00
1.175146668449325205e+01
8.288948818081317782e+00
5.878301933367581000e+00
1.076098456196240427e+01
7.803348846964069274e+00
1.257518142934178407e+01
6.215672529650583478e+00
8.020612415270292672e+00
1.352504801590718486e+01
1.177431659868655522e+01
5.082902910065880242e+00
9.705581826395389911e+00
6.828504766729325937e+00
1.088305241133237899e+01
5.621728162678323315e+00
1.250328790043698213e+01
7.776387433201357169e+00
1.195831778073763552e+01
9.138948892013772252e+00
8.270563045985468875e+00
5.621287896681525176e+00
5.488058393081261421e+00
9.149304499880146935e+00
6.853008097563528800e+00
1.343641990201169101e+01
9.589815259899657107e+00
9.770929079170137754e+00
6.954058920945542788e+00
4.809472829715775610e+00
5.666574581748347939e+00
5.663220096127796310e+00
5.389198936566455878e+00
1.365677183499185432e+01
5.248046391623686802e+00
1.253471267833009684e+01
1.166169806233196660e+01
7.710131674529740131e+00
1.006895876063223128e+01
4.900856461880368720e+00
1.232671736940652529e+01
6.775853398653113757e+00
5.263960887886913298e+00
1.084658879870048942e+01
8.554462137724650361e+00
5.543966655202911653e+00
5.759952757192227324e+00
5.165145348769467404e+00
8.684870911784047465e+00
5.587302654758962817e+00
8.949357199843088750e+00
9.898998660840383934e+00
5.039574529737051556e+00
1.346033181493941733e+01
1.226983210985020456e+01
1.284618148368046064e+01
8.898090091144636560e+00
1.103418542934137392e+01
1.124731980469337067e+01
1.175253920515678452e+01
1.332629772259842937e+01
6.334886162146830202e+00
9.019975529462591624e+00
9.761661240356955815e+00
1.164416415305581509e+01
6.683002204950846625e+00
6.859047725804239271e+00
1.325269173764493580e+01
7.899072732389972984e+00
1.289590174271432765e+01
1.388665945313561068e+01
1.277517830656944930e+01
7.275477219432772813e+00
7.965558842223614988e+00
1.225420523829373565e+01
1.382365347559691671e+01
9.768148032777311585e+00
9.477576541688941703e+00
7.518072174667563168e+00
5.606382899466091807e+00
1.401529298835079551e+01
1.397532229824019190e+01
1.244626888190742697e+01
1.350705474049589405e+01
8.763360640056591322e+00
1.332277149588662013e+01
1.118174993438073805e+01
1.190908027882771769e+01
1.131519994300923315e+01
1.322825941724086007e+01
7.535150661137618222e+00
6.193739071417264874e+00
1.349310343877299623e+01
1.241060246117040045e+01
5.076051898793588535e+00
9.651285369084565247e+00
6.842878331206098785e+00
9.464176113759275921e+00
6.632020102009772877e+00
7.396758606796227653e+00
1.126667015827420038e+01
7.432315729385793546e+00
7.529786983322259708e+00
8.973003505766765642e+00
1.074864706460191321e+01
5.932090715812162962e+00
1.329826863346950816e+01
5.513431149551044186e+00
1.135740477012068794e+01
6.874295103483474279e+00
8.348534876353076228e+00
6.298579243596158506e+00
1.193138742160812527e+01
1.174094363489566462e+01
1.228190576338078444e+01
7.624518259961686972e+00
9.296286024400085779e+00
1.006655940215548384e+01
1.403223587741266343e+01
5.252272573608874673e+00
1.006215885690765788e+01
8.126941073279262184e+00
7.169728724990009461e+00
1.272984190607247257e+01
8.444435522648939596e+00
9.781434455076617240e+00
8.871700342081188850e+00
7.466770846617665214e+00
1.304724215482800354e+01
5.959632270867490256e+00
1.025037701732131445e+01
1.107626530202633397e+01
6.325281075924009677e+00
9.792501876772165659e+00
7.287615578508647829e+00
1.121280489799106661e+01
1.395148369469178462e+01
1.310709338716785410e+01
5.991819659067825654e+00
1.135140652687907981e+01
1.369018804090618424e+01
9.273744866990810465e+00
7.661631003639636006e+00
8.086665692016632434e+00
1.118503506414838533e+01
1.244509482532540190e+01
1.318210637262206575e+01
7.589778926408398796e+00
7.956434521809059746e+00
9.771079215686491182e+00
5.559344500153039270e+00
1.366508000173197601e+01
7.420080561187164747e+00
1.107411644234247561e+01
5.521773297793696855e+00
8.142189170597001535e+00
1.401465985222844246e+01
1.019414657309585337e+01
1.337332784293968047e+01
9.165936367518805028e+00
1.409382757088642180e+01
9.494654007593091194e+00
1.410243799650889507e+01
5.349509630399086113e+00
7.694380445428240733e+00
6.623661832814485173e+00
1.061272996535983282e+01
9.700290346736339941e+00
7.487344464939342359e+00
1.290172206229312479e+01
1.332265086161222456e+01
4.998051534158113540e+00
9.672747888920023129e+00
1.088440930443054810e+01
9.311825523984499142e+00
1.040410643772622024e+01
8.805869024442863235e+00
1.017117475341577837e+01
6.549837760764539496e+00
7.689896303116553256e+00
6.469927471045759937e+00
5.426228088419395412e+00
6.481226763597457641e+00
1.289255915581438927e+01
1.046932270185905445e+01
4.816715483909761453e+00
1.177889157434513123e+01
1.086588408929947391e+01
6.274123591988506554e+00
7.672103544993967184e+00
1.275797380936816161e+01
7.387197272022512529e+00
9.544941577916427278e+00
1.394221970704291458e+01
1.285990234672251553e+01
9.647972898176565337e+00
1.321270561641780006e+01
1.293622769821922702e+01
6.771964364001954451e+00
9.051603284501927860e+00
1.118714952885491698e+01
1.024962049254849639e+01
1.117345505796756555e+01
6.484341896264125715e+00
8.822078990562907563e+00
1.398784284325721927e+01
1.323844683336898242e+01
1.373854565934559524e+01
1.004347350623406498e+01
1.224233695572531389e+01
1.165233219473045345e+01
1.022314552702557222e+01
7.039249967558085075e+00
1.212846711797099886e+01
1.188069847245308353e+01
4.858006153205558064e+00
1.379985347583082245e+01
1.246402733964061937e+01
8.301283939321510985e+00
8.502727103796111408e+00
1.054528695414362716e+01
6.686245666786011732e+00
1.170378222012172031e+01
1.123850561186689667e+01
7.940994332533040989e+00
5.190314574056711372e+00
1.153883777371530961e+01
9.212197898769950655e+00
1.058933901612481066e+01
6.239106234759393743e+00
7.324902955523095116e+00
1.114389207035034524e+01
1.351269814869417552e+01
5.209807086142460797e+00
9.540865180733753448e+00
7.522454719076020702e+00
1.097413238268520175e+01
7.819575837224507886e+00
1.291147547804291307e+01
8.928389775177038246e+00
1.014832037001368192e+01
6.357053753032506194e+00
7.696964081388585122e+00
1.121435039014400559e+01
6.415382127299752213e+00
8.632600714452269841e+00
9.201426833638521430e+00
5.009700785594132455e+00
1.263693630053417394e+01
9.812764674968441625e+00
1.117342655725046185e+01
6.690489895133011622e+00
8.100814841353452422e+00
9.350279443503788812e+00
1.248720587342462274e+01
7.794531185560843234e+00
1.286048402323885576e+01
1.198094210088583544e+01
8.860965180615291814e+00
1.395979092855831460e+01
1.237382232969484974e+01
1.172855767933819848e+01
7.050432234706293322e+00
1.020778136895944499e+01
6.965249422429380388e+00
1.218071809423496887e+01
8.141910834355337911e+00
8.254638448645714277e+00
9.616075257247583608e+00
8.918730778487246269e+00
7.506549746924415345e+00
6.782733248001336257e+00
9.558439336932133656e+00
1.295032656165583695e+01
7.909297487060612752e+00
7.888760560273618161e+00
9.600578727245299149e+00
1.293606885007303120e+01
1.121483199809927633e+01
1.364744760148220415e+01
1.205568748025248382e+01
1.042719721600398763e+01
1.014465092852382000e+01
9.236096556179461459e+00
1.284433609669603982e+01
6.983505060789910956e+00
4.937580492431272283e+00
1.352310413381461629e+01
1.388297948999371734e+01
4.741371608390465120e+00
4.821786228116208939e+00
7.666298829007713422e+00
6.982040292798694203e+00
1.126338470328992791e+01
1.076902332078372382e+01
5.138418755968113594e+00
7.145002684607462129e+00
1.382890659625026331e+01
1.151095018830624284e+01
9.006336679591216310e+00
6.428787077837935904e+00
1.011062104065853440e+01
1.247004336859009221e+01
1.339854176830548127e+01
9.348082208426580664e+00
1.336590011714038440e+01
1.247140787467344403e+01
1.164881091954576142e+01
5.284049512393081294e+00
1.023850428207899377e+01
4.851676029003633595e+00
1.143233802346512817e+01
5.738361717056511324e+00
1.356138159286330236e+01
6.284104876361039871e+00
8.936420487429758808e+00
6.165995565104059217e+00
1.391280496436359115e+01
7.455411513268733970e+00
1.025622911254064284e+01
1.198406018405454354e+01
5.217405993135251663e+00
8.976171425999455167e+00
4.876781107946520422e+00
5.906451505520556644e+00
5.709156407818598566e+00
1.046147569456679882e+01
6.941435212067772476e+00
5.613443431764586045e+00
7.883782644651405214e+00
1.123091103811345093e+01
5.570863644982017249e+00
1.051857941587673650e+01
1.151370994482858201e+01
1.404098259550222316e+01
5.602162020169260792e+00
8.169334037762496337e+00
9.656434936019611115e+00
5.434434112327621413e+00
9.945599464203764839e+00
6.287399507243518926e+00
1.038783222903491499e+01
7.054214925503701217e+00
5.224690076637855007e+00
4.879774127422078500e+00
1.256821810966950004e+01
7.662956679294604001e+00
1.393826856943347359e+01
9.453229055649744694e+00
9.278632787418663597e+00
1.182905611205654317e+01
7.905020480273239336e+00
1.340288657244605197e+01
6.581758418186561599e+00
1.044611583428020651e+01
1.234213725694501385e+01
1.296411794789091765e+01
1.342372553037709793e+01
1.047987411826856174e+01
1.356667668181655628e+01
8.335817303402915712e+00
4.897176909787406274e+00
8.297201391368636436e+00
5.886624514658739038e+00
8.258699331407761690e+00
1.033042870904328758e+01
9.053456830547842671e+00
9.954633295796636361e+00
4.878959775890205464e+00
5.801568336697481065e+00
9.908844046958073193e+00
1.385632572577027233e+01
5.704352500905644163e+00
4.922842723488952466e+00
1.095355237938165693e+01
9.018736085533634039e+00
1.221150398849504271e+01
1.124371046537310015e+01
8.604198683553223148e+00
1.061874847080790829e+01
8.540925514863703327e+00
1.279333540336697084e+01
6.029535834241071868e+00
5.936978240192179790e+00
1.082382998985105615e+01
8.264954545122328966e+00
1.059410482436458167e+01
5.542976074701222444e+00
1.173898112992427123e+01
1.152616168822498821e+01
9.228981471270966352e+00
7.656568882174672019e+00
6.044148978203038425e+00
6.973096606382600982e+00
6.681707822942086317e+00
1.358427860842859758e+01
1.113272091133278785e+01
6.306986691841808934e+00
1.039187428264464153e+01
1.382230310068739598e+01
5.526724627441698345e+00
6.908301708755059778e+00
1.394180220525785252e+01
1.333185485497808465e+01
1.240573336725232423e+01
9.907702525402230620e+00
6.677975164807387287e+00
6.914162895901607264e+00
5.831646179696563514e+00
5.331037794161347598e+00
1.034706720896952348e+01
1.092425951902540504e+01
5.108463181004071707e+00
7.475993687036894819e+00
1.157116461781626526e+01
1.049567515583796151e+01
1.047243091345089816e+01
6.172812889870916919e+00
8.298456001746314925e+00
1.027740865380970448e+01
9.226759909431242690e+00
6.968891941933993195e+00
1.382603137863451614e+01
6.035710619412328448e+00
1.346125991838355951e+01
8.063618668233250020e+00
