-81.265 265.178 155.085
-81.6386 265.237 155.854
-78.4718 264.508 155.131
-81.2179 265.61 155.689
-81.2551 265.28 155.594
-73.0785 256.56 152.336
-82.3474 271.508 157.233
-81.989 271.182 156.873
-81.458 265.409 155.65
-83.2776 267.859 156.28
-86.0143 269.3 156.921
-82.9779 267.64 156.194
-77.1302 263.884 154.832
-78.4177 263.476 154.81
-81.4784 265.519 155.205
-81.1306 265.359 155.49
-73.3481 256.831 152.821
-84.5442 269.292 156.548
-87.0403 265.181 155.612
-83.3587 266.185 155.565
-83.8217 265.904 155.515
-83.0348 267.774 156.357
-85.9194 269.143 156.638
-85.8876 269.81 157.166
-85.8057 270.211 157.27
-85.2413 269.038 156.897
-85.3499 271.621 157.254
-83.7486 265.993 155.543
-81.4876 264.601 154.382
-85.3586 269.23 157.133
-85.7641 269.134 156.621
-85.9539 269.255 156.672
-85.3739 275.21 158.746
-84.6094 269.342 156.58
-85.0263 272.268 157.139
-63.4702 252.532 150.398
-90.1006 240.197 148.082
-98.0674 247.299 150.578
-92.1199 234.823 145.093
-89.9106 241.32 148.275
-98.335 248.428 151.909
-91.3887 234.811 145.139
-88.7388 240.323 147.683
-88.1776 244.063 148.618
-91.5079 234.53 144.839
-92.0999 235.066 145.613
-89.3772 240.518 147.977
-91.34 234.817 144.87
-92.0988 234.855 145.043
-97.4632 248.126 151.677
-89.0536 244.109 148.662
-89.1491 240.43 147.583
-97.216 242.144 149.618
-88.8263 244.158 148.487
-92.2969 241.531 148.544
-91.642 241.603 148.46
-88.8388 244.119 148.776
-91.9036 241.729 148.552
-92.0197 235.097 145.649
-74.575 233.625 142.279
-91.4697 234.859 145.245
-89.1602 240.404 147.574
-90.0889 240.117 147.86
-91.8363 241.534 148.709
-92.2809 241.602 148.811
-97.4846 242.309 149.969
-89.4207 244.368 149.382
-96.0085 241.469 149.41
-96.9464 244.154 150.519
-78.6597 217.718 126.277
-78.7715 217.666 126.232
-78.7368 217.69 126.301
-85.3786 216.749 130.522
-79.5434 217.324 126.398
-74.5292 219.245 126.303
-91.8177 226.329 141.875
-82.4279 218.021 131.22
-91.1467 218.811 135.765
-87.2952 219.198 134.677
-75.2743 218.792 127.289
-86.2325 223.813 138.613
-78.7093 224.629 137.28
-75.304 218.831 125.153
-81.1113 217.576 128.01
-73.0927 220.887 131.126
-89.8031 224.687 139.34
-78.7566 218.089 126.34
-81.0816 217.512 128.54
-78.8742 222.432 135.345
-88.0787 216.348 132.161
-84.955 225.89 139.784
-97.6121 223.523 141.008
-86.3149 223.75 138.756
-80.9651 217.207 129.395
-81.2098 217.307 128.097
-72.3868 221.686 130.839
-82.3925 218.109 131.024
-91.4436 226.44 141.931
-79.7455 217.625 126.958
-79.3962 217.492 125.585
-81.2054 217.375 128.299
-92.6391 222.929 139.927
-71.8032 221.357 130.074
-91.0857 228.189 141.918
-91.5236 228.003 141.934
-73.1133 220.982 131.007
-79.4898 217.576 126.094
-80.2777 223.222 136.603
-84.4114 222.448 137.426
-78.1385 219.547 129.71
-71.6802 221.045 130.667
-86.4348 218.687 135.182
-85.1547 225.162 138.522
-80.2694 223.283 136.51
-80.3929 223.315 136.581
-85.7736 224.171 138.435
-86.5118 219.932 135.164
-92.4862 223.096 139.52
-84.8453 226.124 139.092
-75.6611 219.132 128.886
-78.1334 218.995 130.729
-78.4027 219.045 131.02
-81.5628 219.711 131.519
-91.4484 226.514 141.898
-85.3801 224.97 139.228
-85.8518 224.001 138.711
-71.7143 220.992 130.822
-80.7464 218.647 128.929
-76.2803 219.409 122.722
-77.8499 218.925 125.75
-74.8096 218.87 127.693
-86.2035 223.689 139.688
-81.6434 219.816 131.42
-83.7146 266.3 155.868
-72.9725 257.015 152.853
-63.8227 252.225 149.625
-98.9053 248.67 152.074
-92.6116 246.345 150.335
-90.0305 240.258 147.986
-82.6309 245.877 149.843
-79.2266 217.733 124.29
-82.2746 218.576 130.379
-76.52 218.912 122.46
-79.3582 217.72 125.338
