144 2

509 253
518 251
494 317
505 254
511 256
575 502
417 183
416 190
511 251
487 194
492 131
488 202
490 349
511 327
505.5 246
507 256.5
576 495
474 156
571.5 141
514.5 204
525 198
487.5 201
492 132
483 130.5
475.5 129
489 148.5
444 123
522 198
517.5 249.75
488.25 146.25
490.5 135
490.5 130.5
391.5 101.25
474.75 155.25
427.5 121.5
540 756
1106 291
1036 50
1268 285
1078 283
1014 48
1259 304
1088 318
996 292
1269 302
1258.5 286.5
1090.5 303
1260 303
1267.5 285
1011 67.5
1005 271.5
1090.5 306
1140 118.5
1001.25 274.5
1100.25 227.25
1091.25 240.75
1003.5 279
1091.25 234
1257.75 290.25
1084.5 742.5
1257.75 301.5
1091.25 306
1108.12 290.25
1094.62 239.625
1098 229.5
1138.5 114.75
1003.5 266.625
1141.88 151.875
1091.25 111.375
1879 990
1885 987
1881 987
1916 711
1910 960
1727 1132
1505 384
1798 791
1810 484
1761 598
1734 1092
1538 563
1420 773
1795 1131
1880 872
1532 1074
1555 449
1864 977
1865.5 870
1513 811.5
1930 619.5
1447 570
1670.5 261
1538.5 561
1849 873
1889.5 873
1496.5 1089
1799.5 792
1496.5 393
1883.5 937.5
1928.5 973.5
1880.5 870
1634.5 399
1510 1129.5
1447 378
1457.5 369
1531 1072.5
1909 960
1493.5 750
1567 636
1702 931.5
1508.5 1129.5
1751.5 634.5
1486 573.75
1492.75 749.25
1492.75 744.75
1524.25 571.5
1715.5 612
1634.5 398.25
1447.75 569.25
1688.5 1044
1697.5 931.5
1694.12 918
1717.75 789.75
1495 391.5
1484.88 570.375
1525.38 570.375
1508.5 1127.25
1805.5 857.25
1876.38 1123.88
1829.12 1005.75
1711 1103.62
1525.38 567
1717.75 784.688
518 198
568.5 501
544.5 753.75
1015 35
996 180
1104 291
893.812 405
1963 994
1798 791
1916 1130
1927 973
