144 2

482 514
492 510
468 577
479 514
485 516
549 761
391 444
390 452
485 511
461 455
466 392
461 462
464 609
485 587
478.5 507
481.5 517.5
550.5 753
448.5 418.5
544.5 402
487.5 465
496.5 457.5
460.5 460.5
465 393
457.5 391.5
450 390
463.5 409.5
418.5 385.5
495 459
488.25 510.75
463.5 407.25
463.5 396
463.5 391.5
366.75 362.25
447.75 416.25
401.625 384.75
513 1012.5
1079 550
1008 314
1240 548
1051 543
987 309
1231 566
1061 578
969 554
1241 565
1231.5 549
1063.5 562.5
1231.5 565.5
1239 547.5
984 328.5
978 534
1063.5 567
1113 379.5
974.25 537.75
1073.25 488.25
1064.25 501.75
974.25 537.75
1064.25 495
1228.5 549
1057.5 1001.25
1230.75 564.75
1064.25 567
1081.12 550.125
1067.62 499.5
1071 489.375
1111.5 374.625
976.5 526.5
1114.88 411.75
1064.25 371.25
1851 1246
1857 1243
1853 1243
1887 968
1882 1215
1699 1387
1478 644
1770 1048
1781 744
1732 856
1707 1348
1510 821
1393 1031
1767 1385
1851 1129
1505 1329
1526 710
1835 1233
1837 1126.5
1486 1069.5
1901.5 877.5
1420 829.5
1640.5 520.5
1511.5 820.5
1822 1129.5
1861 1129.5
1468 1344
1771 1048.5
1469.5 652.5
1855 1194
1900 1228.5
1852 1126.5
1606 657
1481.5 1383
1418.5 639
1429 630
1504 1329
1880.5 1216.5
1466.5 1008
1540 894
1672.75 1188
1481.5 1383.75
1724.5 891
1456.75 832.5
1465.75 1008
1465.75 1003.5
1495 828
1686.25 868.5
1605.25 657
1418.5 828
1661.5 1300.5
1670.5 1188
1667.12 1174.5
1687.38 1046.25
1468 651.375
1457.88 830.25
1498.38 830.25
1481.5 1380.38
1775.12 1113.75
1846 1377
1798.75 1262.25
1684 1356.75
1500.06 825.188
1687.38 1042.88
492 459
543 759
515.25 1010.25
988 296
969 441
1077 550.5
868.5 663.188
1934 1250
1768 1048
1887 1384
1898 1229
