78 2

461 746
446 809
470 691
528 992
466 739
368 684
463 744
439 687
444 625
439 695
442 841
456 741
463.5 738
459 750
526.5 991.5
522 990
529.5 985.5
427.5 651
522 984
466.5 697.5
442.5 625.5
435 624
441 642
396 618
522 983.25
524.25 990
441 625.5
427.5 648
1039 809
1041 798
1050.75 720
1041.75 733.5
1030.5 591.75
1041.75 726.75
1206 783
1039.5 796.5
1091.25 644.625
1040.62 796.5
1040.62 604.125
1033.88 1225.12
843.188 896.062
1858 1445
1746 1277
1375 1305
1396 871
1488 1052
1371 1261
1687 779
1828 1358
1819 886
1500 1160
1594 1025
1812 1462
1795 1356
1618 750
1489 1051.5
1798 1357.5
1664.5 1096.5
1880.5 1005
1396 870
1426 1147.5
1589.5 1423.5
1481.5 1300.5
1650.25 1417.5
1432 1066.5
1663.75 1098
1582.75 886.5
1667.12 1269
1474.75 1059.75
1667.12 1270.69
441 687
459 738
958.5 579
1090.5 612
1089 612
1455 876
1531 1260
1754.88 1343.25
