-76.17 275.444 158.127
-73.2255 274.568 157.751
-78.6707 276.476 158.654
-67.839 266.352 154.878
-76.5696 275.387 158.14
-76.7562 281.718 159.977
-76.2966 275.4 158.122
-78.1722 278.119 159.125
-80.9639 279.513 159.637
-77.8407 277.798 158.864
-71.8432 273.926 157.438
-76.2462 275.882 158.406
-76.5493 275.652 158.363
-75.9721 275.406 158.032
-67.8244 266.452 154.927
-67.7125 266.745 155.224
-68.1178 266.46 154.952
-79.4912 279.707 159.64
-68.0024 266.833 155.083
-78.3291 276.442 158.549
-80.9056 279.451 159.482
-80.8099 280.03 159.846
-80.1559 279.226 159.552
-80.2505 282.072 160.203
-67.965 266.875 155.272
-67.8594 266.53 154.843
-80.8901 279.422 159.271
-79.5919 279.871 159.903
-84.6689 249.481 149.476
-85.105 249.606 149.397
-88.2677 250.701 150.33
-87.5948 250.78 150.248
-93.1327 254.001 152.2
-87.8594 250.907 150.347
-88.1104 244.153 146.898
-85.0893 249.632 149.177
-91.8729 250.593 150.729
-85.1289 249.628 149.12
-92.7664 253.32 151.97
-70.4641 242.838 144.371
-78.0176 255.086 150.645
-77.0481 228.529 124.8
-79.4698 228.301 130.411
-74.1688 233.57 136.933
-87.5377 237.145 143.231
-82.7717 233.026 139.178
-75.2414 233.952 137.741
-94.0477 230.497 140.801
-78.459 228.008 127.233
-91.4146 227.182 137.008
-79.7574 232.081 137.09
-84.8448 230.91 138.061
-76.3069 228.767 125.357
-78.1988 228.011 128.159
-94.4322 232.407 142.241
-82.8162 233.024 139.171
-78.1827 227.965 128.106
-83.4147 229.344 135.496
-87.9544 226.306 133.452
-87.5653 237.188 143.155
-79.1492 233.667 138.594
-74.46 229.971 130.699
-75.8092 231.64 135.119
-75.3754 229.504 129.439
-81.6342 234.217 139.77
-83.3334 229.385 135.388
-89.1802 232.143 140.426
-78.8539 228.992 132.307
-82.3563 233.328 139.074
-78.8129 228.992 132.274
-78.1999 278.225 159.429
-76.4178 275.963 158.653
-92.5809 257.183 153.663
-93.2444 251.28 151.352
-93.1898 251.341 151.184
-88.1356 235.473 142.456
-77.4741 230.95 135.005
-78.0752 228.193 129.262
