78 2

509 253
494 317
518 198
575 502
514 246
416 190
511 251
487 194
492 131
488 202
490 349
504 249
510 244.5
507 256.5
573 501
568.5 501
576 495
474 156
568.5 493.5
514.5 204
492 132
483 130.5
489 148.5
444 123
569.25 495
571.5 499.5
490.5 130.5
474.75 155.25
1088 318
1090.5 306
1100.25 227.25
1091.25 240.75
1080 96.75
1091.25 234
1257.75 290.25
1091.25 306
1141.88 151.875
1091.25 303.75
1091.25 111.375
1081.12 739.125
893.812 405
1910 960
1798 791
1424 817
1447 380
1538 563
1420 773
1739 289
1880 872
1871 398
1550 671
1644 536
1864 977
1846 870
1670.5 261
1538.5 561
1849 873
1715.5 609
1933 516
1447 378
1475.5 658.5
1640.5 939
1531 813
1702 931.5
1481.5 576
1715.5 612
1634.5 398.25
1717.75 783
1525.38 570.375
1717.75 784.688
487 194
505.5 246
1008 87
1140 118.5
1138.5 117
1505 384
1580.5 772.5
1805.5 857.25
