-73.3441 284.322 156.538
-67.9973 282.895 155.844
-73.1895 284.654 156.637
-63.2139 275.512 153.219
-71.1934 289.75 158.068
-68.1054 282.78 155.811
-72.6754 286.323 157.332
-75.3208 287.584 157.663
-72.3729 286.043 157.124
-66.6821 282.289 155.546
-70.8508 283.982 156.15
-71.177 283.896 156.273
-70.636 283.767 156.337
-63.0361 275.177 153.196
-63.3575 275.11 152.901
-73.9021 287.82 157.632
-72.4008 286.081 157.091
-75.2736 287.538 157.502
-72.6422 286.236 157.159
-75.1487 288.055 157.797
-75.0451 288.462 157.919
-74.5416 287.287 157.507
-74.8365 289.281 158.162
-74.5673 290.078 158.261
-75.2889 287.604 157.459
-73.9417 287.775 157.625
-88.5495 265.621 150.352
-76.9851 245.858 137.752
-77.03 244.326 136.238
-75.5938 244.561 136.17
-77.9342 245.076 137.013
-70.82 283.739 156.243
-63.2157 275.363 152.849
-82.8604 253.7 144.159
-78.5631 244.289 136.499
