-63.0619 291.677 153.423
-66.1938 298.284 155.621
-65.8931 298.121 155.561
-65.8634 292.411 153.711
-69.8986 295.969 154.873
-67.1453 294.56 154.408
-65.9122 292.46 153.634
-66.077 292.566 153.681
-65.5583 292.429 153.714
-68.562 296.325 155.129
-69.8602 295.935 154.788
-69.7153 296.401 155.042
-69.6035 296.785 155.162
-69.1768 295.75 154.882
-69.379 297.542 155.292
-69.1037 298.337 155.55
-69.7194 295.97 154.89
-75.7404 269.414 144.422
-77.8183 270.403 145.086
-81.5566 270.176 145.344
-83.1336 252.103 130.523
-80.8048 255.326 134.507
-80.7991 255.387 134.414
-65.7395 292.415 153.645
-65.9177 292.731 153.731
-75.6886 269.436 144.116
-78.3478 270.362 144.809
