161 2

470 691
466 699
342 526
327 388
375 503
463 744
439 695
338 386
441 643
352 530
528 992
439 687
446 809
363 483
360 391
368 684
442 841
468 787
441 687
449 785
444 625
340.5 525
361.5 390
351 492
343.5 375
328.5 495
366 393
328.5 495
459 750
468 742.5
459 738
367.5 531
396 618
466.5 697.5
463.5 738
522 990
522 984
427.5 648
435 624
442.5 625.5
427.5 651
441 642
403.5 619.5
346.5 375.75
364.5 391.5
441 625.5
351 526.5
319.5 524.25
369 483.75
339.75 515.25
427.5 648
465.75 742.5
371.25 496.125
337.5 513
486 394.875
349.312 516.375
324 516.375
369.562 491.062
344.25 480.938
978 532
1039 809
1218 799
978 549
985 549
1207 782
1217 781
1257 917
1041 795
978 541
1170 573
1041 798
1209 798
1218 798
955.5 768
978 549
1255.5 918
1215 781.5
1041 795
1104 483
978 540
984 549
978 534
1185 460.5
957 774
1212.75 778.5
1041.75 733.5
1041.75 726.75
1206 783
1050.75 720
945 792
1039.5 796.5
1208.25 798.75
1044 722.25
1053 738
1080 897.75
983.25 555.75
1183.5 461.25
1040.62 604.125
1091.25 644.625
1033.88 1225.12
1055.81 723.938
1816 1057
1819 886
1751 1387
1746 1277
1848 1244
1467 926
1520 1143
1391 1142
1825 1425
1746 1277
1675 1272
1455 876
1371 1261
1864 1197
1479 874
1380 870
1780 1258
1453 1107
1480 1300
1503 942
1758 976
1812 1462
1488 1052
1817 1351
1828 1358
1858 1445
1927 1116
1459 885
1396 870
1489 1051.5
1858 1446
1747 1276.5
1702 1120.5
1846 1161
1408 895.5
1771 1162.5
1798 1357.5
1571.5 1242
1459 884.25
1650.25 1417.5
1407.25 857.25
1663.75 1098
1829.12 1262.25
1474.75 1059.75
326 386
461 746
352.5 528
456 741
336 372
333 373.5
334.125 479.25
1058 817
1259 922
1064 777
1215 778.5
949.5 768
1089 612
841.5 894.375
1804 1444
1769.5 1165.5
