-72.0511 284.92 161.88
-71.5685 285.09 162.218
-76.5358 295.759 164.086
-82.6998 301.145 166.345
-78.3448 295.036 164.607
-69.6647 283.669 160.981
-71.1778 286.277 161.971
-83.0366 300.348 165.841
-73.5007 287.655 162.588
-76.5681 295.285 164.252
-61.078 274.391 157.883
-71.4758 286.656 162.422
-66.4545 282.893 160.798
-79.0066 296.115 164.663
-83.2982 298.943 165.472
-69.8499 290.549 163.59
-65.0335 282.23 160.473
-67.8548 282.549 161.091
-71.5731 286.399 162.039
-67.6007 283.262 160.701
-74.3704 288.016 162.768
-76.5357 296.096 164.457
-83.4722 299.801 166.763
-78.3169 296.187 164.196
-83.6551 299.928 165.185
-77.6046 297.99 165.59
-83.3265 298.426 165.198
-77.643 297.689 164.988
-69.3108 283.685 160.953
-69.8463 283.431 160.901
-69.818 284.016 161.102
-76.8705 294.717 164.535
-73.5274 290.779 163.595
-71.6699 285.035 162.053
-69.9274 283.785 161.03
-60.998 274.723 158.013
-61.2278 274.872 158.087
-72.9662 288.265 162.744
-74.1959 288.504 162.914
-74.3074 288.061 162.778
-72.7709 288.422 163.242
-73.5399 287.664 162.593
-73.697 290.069 162.923
-83.6868 299.736 165.134
-83.3772 298.722 165.514
-74.3215 287.901 162.273
-76.7152 295.285 164.047
-76.0693 297.105 164.539
-79.1116 295.596 164.306
-76.9668 296.252 164.349
-72.8498 288.783 163.825
-69.7481 283.647 161.195
-78.5901 295.59 164.884
-76.9991 296.955 165.169
-85.9408 292.077 163.934
-77.1545 295.846 164.344
-76.5526 297.252 164.708
-78.8023 295.499 164.357
-78.6825 297.213 164.837
-89.2495 264.809 155.244
-79.2527 256.834 151.538
-82.5951 250.874 147.715
-88.3951 264.341 154.293
-88.6398 264.144 154.883
-83.0611 251.453 148.408
-83.2552 251.137 148.271
-79.1128 247.895 145.789
-79.8197 257.032 151.461
-88.8621 264.611 155.105
-90.5854 256.378 151.661
-79.6959 256.958 151.461
-82.5359 251.099 148.452
-82.6568 250.866 147.955
-79.2811 260.803 152.448
-88.4175 264.354 154.436
-79.0437 247.941 145.674
-83.1325 251.28 147.609
-79.8092 257.032 151.112
-93.3828 260.692 153.937
-88.8707 264.59 155.011
-88.5195 264.107 154.352
-88.984 264.641 154.24
-95.7428 257.943 153.667
-79.0924 260.697 153.379
-83.2912 251.336 148.361
-82.1897 258.151 152.277
-82.4547 258.281 152.385
-83.0185 251.49 148.389
-82.8786 258.067 152.355
-78.1697 260.734 152.249
-79.7263 257.078 150.721
-82.4756 251.174 148.092
-82.6716 258.281 152.422
-82.2114 257.639 152.033
-76.758 253.829 149.047
-88.4057 264.127 155.296
-95.6243 257.993 153.463
-87.3032 260.718 153.575
-86.4834 257.951 152.182
-65.2496 250.177 145.35
-82.8927 257.852 152.867
-81.8683 235.308 133.33
-86.9001 235.412 136.412
-73.7444 237.37 127.306
-75.8159 237.135 129.321
-77.5778 236.012 128.43
-81.9117 242.005 142.401
-76.1569 239.577 137.122
-74.2891 242.108 139.556
-74.0459 238.107 124.124
-75.7879 236.343 130.479
-75.1036 237.71 130.856
-83.3531 242.91 143.045
-70.8098 241.538 138.249
-78.7611 235.546 129.242
-83.7356 242.317 142.693
-82.543 244.901 144.578
-76.5908 236.469 129.545
-76.188 241.038 139.07
-71.6344 239.391 135.48
-81.8104 241.197 141.004
-83.6416 236.142 135.93
-73.2842 237.995 124.154
-78.2765 240.514 139.839
-75.1516 236.954 126.627
-75.1335 236.971 126.246
-74.1206 238.416 122.872
-81.2376 234.653 129.786
-83.1295 242.686 142.957
-82.8004 244.396 144.559
-78.2955 240.6 139.576
-74.0112 237.673 123.754
-75.8262 237.079 129.371
-78.9724 237.103 133.623
-79.4756 235.245 130.708
-81.9953 244.119 142.869
-78.703 235.898 132.185
-74.8405 237.442 126.365
-74.3443 238.24 134.643
-83.1669 242.635 143.118
-71.8579 237.823 129.133
-83.3874 244.276 144.456
-79.1966 237.153 135.662
-76.9969 236.478 128.069
-77.8308 240.966 139.338
-82.7739 301.267 166.384
-69.4185 284.036 161.711
-76.6826 295.34 164.247
-69.7056 283.882 160.602
-83.6571 300.791 165.878
-83.5923 301.615 166.781
-78.5057 298.195 165.621
-79.2829 256.019 150.151
-78.9535 247.801 145.422
-80.8724 256.533 150.435
-83.2951 251.204 148.371
-79.1696 261.037 152.54
-87.8264 258.7 152.91
-72.3338 262.684 152.221
-73.4539 237.797 124.769
-78.574 236.667 131.053
