161 2

492 459
487 467
364 289
349 152
397 268
485 511
461 462
360 149
463 410
374 294
549 761
461 455
468 577
385 247
382 154
390 452
464 609
489 555
463 454
471 552
466 392
361.5 288
379.5 153
373.5 255
366 136.5
351 261
388.5 156
349.5 258
481.5 517.5
490.5 510
481.5 505.5
388.5 295.5
418.5 385.5
487.5 465
486 505.5
543 759
543 753
448.5 414
457.5 391.5
465 393
448.5 418.5
463.5 409.5
426 385.5
369 137.25
387 155.25
463.5 391.5
373.5 290.25
342 288
391.5 247.5
362.25 279
447.75 416.25
488.25 510.75
391.5 259.875
357.75 276.75
506.25 156.938
369.562 278.438
344.25 278.438
389.812 253.125
364.5 243
1001 297
1061 578
1241 565
1002 313
1008 314
1230 549
1240 548
1279 684
1063 563
1001 306
1193 337
1063.5 567
1231.5 565.5
1240.5 564
978 534
1002 313.5
1278 685.5
1239 547.5
1063.5 562.5
1126.5 246
1002 306
1008 313.5
1002 297
1207.5 225
978 541.5
1235.25 544.5
1064.25 501.75
1064.25 495
1228.5 549
1073.25 488.25
967.5 558
1062 562.5
1230.75 564.75
1066.5 490.5
1075.5 506.25
1102.5 666
1005.75 321.75
1206 225
1064.25 371.25
1114.88 411.75
1057.5 999
1076.06 491.062
1839 827
1843 655
1774 1158
1770 1048
1871 1014
1489 694
1543 913
1414 912
1849 1196
1768 1048
1699 1042
1478 644
1393 1031
1887 968
1502 642
1403 639
1803 1028
1476 877
1502 1071
1526 710
1781 744
1835 1233
1510 821
1840 1121
1851 1129
1882 1215
1950 886
1481.5 652.5
1418.5 639
1511.5 820.5
1880.5 1216.5
1771 1048.5
1726 891
1868.5 931.5
1432 663
1793.5 933
1822 1129.5
1594 1014
1481.5 652.5
1672.75 1188
1429.75 625.5
1686.25 868.5
1852.75 1032.75
1498.38 830.25
348 150
482 514
373.5 291
478.5 507
358.5 135
351 135
354.375 243
1081 584
1282 690
1087 543
1239 547.5
972 534
1111.5 378
865.125 661.5
1827 1215
1793.5 933
