-68.8265 294.406 158.221
-72.8344 301.768 159.953
-82.9418 301.574 161.044
-67.5486 294.423 157.655
-68.7733 294.418 158.138
-64.6537 290.617 156.139
-68.076 294.059 157.969
-68.1361 296.499 158.817
-68.798 294.468 158.054
-70.1731 303.008 160.275
-72.8904 301.882 160.406
-76.9055 305.569 161.292
-69.224 292.502 157.093
-74.4061 265.939 147.028
-77.7857 260.583 143.732
-86.5993 269.136 150.077
-82.9788 272.928 150.899
-74.0509 269.381 148.213
-77.6089 267.065 147.454
-73.3034 269.467 148.242
-74.8816 266.148 146.715
-77.6432 260.834 144.072
-77.0586 266.629 147.602
-81.135 266.849 148.776
-82.5036 272.474 150.581
-82.1791 272.472 150.948
-82.5795 247.345 132.538
-94.949 246.634 139.082
-79.2405 253.12 138.617
-94.9698 255.709 145.302
-80.0188 252.113 138.003
-77.6156 252.219 136.953
-100.294 253.416 145.352
-102.586 252.182 145.614
-77.0386 252.758 137.219
-98.2401 258.708 147.526
-100.591 255.489 146.51
-78.6674 253.414 138.903
-74.5819 251.703 135.74
-77.6593 254.583 139.206
-93.2423 259 146.727
-100.377 253.384 145.476
-91.0904 245.861 136.305
-79.2449 253.147 138.542
-99.9034 254.547 145.979
-80.151 250.788 136.977
-73.4871 252.66 136.443
-93.7117 256.777 145.537
-102.526 251.317 145.08
-75.7313 248.981 131.784
-95.2185 254.675 144.737
-93.4603 256.38 145.106
-64.7199 290.227 156.299
-72.4181 302.938 160.698
-82.9419 272.942 150.868
-74.0121 269.365 148.32
-73.4806 269.5 148.434
-74.9341 266.147 146.667
-78.3193 260.893 143.987
-81.0299 266.833 148.339
-92.0637 258.564 146.02
-76.3855 247.717 127.018
-101.67 252.57 144.992
