63 2

466 392
385.5 249
492 73.5
448.5 414
465 393
478.5 507
463.5 409.5
426 385.5
463.5 391.5
342 288
388.125 249.75
367.875 145.125
496.125 399.938
1061 578
1241 565
1123.5 265.5
1002 306
978 541.5
1073.25 488.25
967.5 558
1062 562.5
1230.75 564.75
1075.5 506.25
1114.88 411.75
1006.88 320.625
1003.5 330.75
1843 655
1900 291
1502 642
1561 206
1550 637
1526 710
1681 105
1734 67
1498 717
1505.5 108
1619.5 82.5
1481.5 652.5
1511.5 820.5
1432 663
1447 216
1681 105
1931.5 403.5
1502.5 642
1640.5 106.5
1605.25 657
1456.75 832.5
1517.5 225
1762.75 74.25
1686.25 868.5
1596.25 209.25
1528.75 232.875
488.25 510.75
367.875 249.75
1001 306
978 543
969 554
1063.5 562.5
1239 547.5
1114.88 411.75
1450 245
1868.5 931.5
1724.5 78.75
