63 2

422 871
340.5 733.5
447 555
403.5 895.5
420 871.5
433.5 988.5
418.5 888
382.5 865.5
418.5 870.75
297 771.75
344.25 732.375
324 631.125
450.562 880.875
1016 1053
1195 1044
1078.5 745.5
955.5 786
933 1021.5
1026 965.25
922.5 1037.25
1017 1041.75
1185.75 1044
1030.5 983.25
1071 887.625
959.625 799.875
956.25 806.625
1796 1129
1853 764
1456 1118
1514 681
1504 1112
1480 1187
1633 580
1687 542
1452 1195
1457.5 583.5
1571.5 558
1436.5 1129.5
1466.5 1294.5
1385.5 1140
1400.5 691.5
1633 579
1885 877.5
1456 1117.5
1592.5 580.5
1560.25 1131.75
1411.75 1307.25
1470.25 699.75
1715.5 549
1641.25 1341
1549 684
1481.5 708.75
443.25 990
324 732.375
955 787
933 1022
924 1032
1017 1039.5
1192.5 1026
1071 891
1403 721
1823.5 1404
1675 553.5
