-59.9703 304.301 155.327
-59.872 298.493 153.316
-61.0411 300.653 154.087
-62.9877 301.745 154.492
-57.1036 297.798 153.116
-59.6289 304.177 155.37
-55.9004 297.252 152.857
-57.1898 296.832 152.747
-58.0487 298.234 153.322
-63.7389 301.967 154.426
-59.545 298.507 153.359
-62.8461 304.312 155.194
-60.1488 298.532 153.08
-62.5144 302.239 154.459
-61.7404 299.629 153.604
-63.5561 302.366 154.557
-63.6784 301.988 154.431
-63.4333 302.746 154.683
-63.0318 301.738 154.432
-63.0265 303.963 155.084
-63.5195 302.039 154.578
-63.6969 302.036 154.175
-62.6595 304.834 155.538
-69.8294 310.522 157.321
-70.1324 275.949 143.457
-72.4769 276.992 144.193
-70.5706 276.093 143.545
-72.8391 277.084 144.141
-68.403 273.573 141.555
-77.7353 282.303 146.761
-72.9109 276.578 143.621
-77.815 282.376 147.107
-76.1106 276.793 144.244
-75.3928 264.798 134.969
-76.3612 262.986 133.07
-75.7275 263.911 134.436
-60.0533 298.664 153.004
-70.4988 276.074 143.191
-70.5069 276.033 143.6
-73.0262 276.847 144.349
-70.0951 279.396 144.823
-77.3036 281.826 147.023
