42 2

326 1183
420 1249
396 1201
398 1150
404 1314
326 1191
400 1346
421 1324
407 1289
400 1133
417 1255.5
352.5 1126.5
418.5 1243.5
382.5 1155
418.5 1198.5
391.5 1132.5
399 1134
384 1131
397.5 1149
360 1126.5
398.25 1136.25
394.875 1134
344.25 1123.88
324 931.5
992 1312
994.5 1237.5
994.5 1300.5
996.75 1228.5
1032.75 1399.5
929.25 1046.25
1010.25 1235.25
929.25 1042.88
1044 1150.88
1430 1377
1533.25 1390.5
1471.38 1383.75
414 1245
993 1303.5
994.5 1300.5
1005.75 1226.25
905.625 1265.62
936 1059.75
