-60.3309 296.514 153.025
-62.1721 297.339 153.192
-60.2523 296.222 152.911
-66.9286 306.636 155.902
-65.4405 306.459 156.013
-57.4237 295.786 152.599
-66.9257 306.286 156.315
-66.6144 306.869 155.959
-63.1527 299.894 154.471
-59.9759 302.141 154.798
-60.0201 296.909 153.157
-67.0461 305.907 155.645
-58.2492 296.312 153.085
-58.5868 295.994 152.18
-66.3604 305.816 155.609
-61.4515 299.054 154.33
-56.2381 295.235 152.33
-63.182 302.156 154.963
-63.796 300.464 154.409
-61.6545 298.734 153.612
-57.1261 295.648 152.531
-63.9455 300.074 154.28
-63.3575 301.713 154.819
-63.2529 302.016 154.918
-80.4061 312.534 158.407
-63.1357 302.201 155.269
-63.2871 299.742 153.975
-53.8223 288.507 149.351
-76.9549 306.974 157.3
-59.6538 296.728 153.507
-59.9454 297.164 154.153
-60.2182 296.58 152.288
-63.9228 300.071 154.128
-60.4548 296.491 152.511
-53.3472 288.814 149.817
-61.8982 297.289 153.004
-63.8034 300.449 154.255
-63.1091 302.396 154.894
-62.7109 301.291 154.49
-63.8569 300.237 154.367
-40.639 298.322 153.092
-64.906 308.194 156.526
-62.8235 300.018 153.683
-66.882 308.096 157.502
-65.4472 306.703 156.989
-71.4667 310.285 157.558
-71.1934 310.104 157.489
-66.5952 309.447 157.905
-71.5752 303.295 156.263
-63.1764 305.733 156.135
-70.6185 311.686 158.356
-71.6411 303.09 155.776
-65.8684 306.559 156.535
-78.7539 312.44 159.081
-67.2866 306.855 156.704
-65.2328 308.417 157.084
-70.2623 273.276 142.239
-70.869 266.807 138.11
-80.5715 286.885 150.248
-73.9187 269.433 139.924
-77.6188 280.27 147.255
-77.3409 280.107 147.284
-59.7976 274.392 142.158
-77.027 279.999 146.827
-70.1323 273.92 143.239
-73.9452 269.385 140.495
-77.8304 280.364 147.179
-69.5629 277.257 144.248
-69.8561 277.144 144.504
-77.3153 280.096 146.984
-70.7955 266.746 138.411
-73.4393 269.076 140.178
-77.6668 280.289 147.453
-71.0774 274.942 142.842
-77.0639 279.992 146.68
-77.1604 279.754 146.804
-70.6196 274.119 142.898
-68.374 271.786 141.02
-96.5549 283.372 151.071
-96.5348 283.634 151.165
-70.4143 266.876 138.134
-90.3606 296.015 154.993
-77.7288 280.409 148.196
-72.9204 274.563 143.997
-73.2775 269.254 140.725
-68.9053 277.11 144.842
-77.7535 280.39 147.18
-73.6763 269.569 140.567
-71.3527 273.795 143.304
-77.4036 279.913 146.911
-98.3629 280.089 150.81
-96.8228 282.785 151.56
-77.1733 279.793 146.824
-68.2418 271.774 141.53
-68.3039 271.446 141.789
-72.4977 274.532 143.914
-70.501 274.075 143.339
-75.924 274.955 144.692
-73.7467 269.555 140.273
-69.8214 277.146 145.015
-77.2529 279.856 146.699
-71.0095 274.841 143.869
-71.4444 273.863 143.351
-72.6988 275 143.508
-102.926 260.988 142.93
-76.3732 261.26 135.089
-102.289 265.063 144.898
-101.657 266.597 145.273
-86.3678 267.239 142.177
-89.01 259.558 137.66
-89.0635 264.661 141.463
-96.4605 263.324 141.854
-73.8571 261.702 133.735
-75.2077 262.445 135.335
-94.8638 258.804 139.265
-95.57 255.739 137.267
-84.958 267.169 141.994
-102.094 265.589 144.705
-95.3563 264.515 142.685
-87.5703 265.026 141.083
-95.6559 261.688 141.041
-96.7697 261.492 141.171
-86.4756 267.166 142.486
-97.5543 264.761 143.335
-95.358 263.74 142.124
-74.6581 262.684 135.631
-75.0852 262.521 135.602
-87.6983 265.746 141.225
-74.8514 262.103 135.053
-89.1697 263.905 140.414
-89.0971 264.66 141.6
-73.6854 263.616 136.291
-102.311 265.646 145.086
-101.737 266.558 145.382
-96.6595 262.769 142.237
-96.0947 267.485 144.732
-100.695 270.745 147.079
-95.0396 262.825 142.47
-95.6623 270.158 146.242
-94.386 258.633 139.424
-87.3154 267.101 141.496
-96.9812 263.829 143.62
-87.4148 266.257 140.985
-88.3711 264.077 140.233
-96.0275 260.606 141.38
-76.1924 260.533 133.507
-103.427 257.385 141.878
-95.7858 263.384 143.023
-95.7751 263.722 141.75
-96.1015 263.93 142.429
-96.451 262.925 141.926
-97.8236 261.381 141.398
-97.3578 264.922 142.895
-99.0958 264.103 142.931
-87.2401 265.393 141.351
-102.064 264.91 143.734
-87.9392 265.603 141.679
-103.264 262.947 144.462
-102.13 264.548 144.964
-97.8299 264.661 143.833
-97.5546 264.176 143.486
-93.6013 263.644 142.032
-96.0856 265.429 143.78
-92.9544 267.6 144.165
-97.7965 258.807 140.229
-96.9501 261.331 141.61
-95.6931 263.3 142.438
-95.5968 263.569 142.571
-98.6159 258.147 141.745
-66.0923 306.583 155.84
-59.9659 296.572 153.027
-40.2202 298.445 153.584
-56.4744 294.467 152.28
-61.1621 298.863 154.246
-61.3218 298.634 153.557
-76.8309 306.895 157.267
-70.5846 311.579 157.874
-65.9407 306.999 156.767
-62.5398 302.875 154.608
-70.7788 266.752 137.845
-73.432 269.037 140.415
-79.8937 281.685 148.438
-69.7615 277.033 143.839
-69.6714 277.318 145.488
-68.9445 277.057 144.657
-73.6789 269.423 141.078
-73.2982 269.311 140.314
-73.8596 269.349 140.453
-73.0406 274.967 143.313
-73.3861 269.295 140.696
-83.796 277.071 147.127
-82.7508 280.205 147.797
-76.2779 278.239 145.849
-103.43 257.276 141.099
-87.008 267.623 142.228
-89.3447 263.758 140.927
-89.5497 259.514 138.31
-97.2423 261.163 142.125
-93.9353 258.669 139.283
