199 2

466 739
470 691
470 744
362 498
352 530
446 809
373 503
355 502
441 643
368 684
456 741
375 503
449 785
450 783
369 517
439 687
442 841
402 619
436 624
441 687
445 817
444 625
411 620
405 619
408 190.5
403.5 619.5
441 642
529.5 985.5
468 304.5
459 750
459 738
456 741
442.5 625.5
463.5 738
522 990
466.5 697.5
435 624
396 618
409.5 637.5
441 625.5
222.75 1129.5
319.5 524.25
427.5 648
351 489.375
357.75 529.875
354.375 378
354.375 384.75
327.375 482.625
475.875 442.125
344.25 582.188
329.062 384.75
475.875 440.438
359.438 521.438
399.938 227.812
369.562 491.062
324 516.375
1058 817
1257 917
869 406
1217 781
978 541
978 549
891 1078
977 557
1039 809
1215 778.5
978 534
949.5 775.5
955.5 768
978 549
1255.5 918
1218 798
978 540
1026 771
978 556.5
984 556.5
1041 795
1074 895.5
1120.5 102
1114.5 100.5
1248 928.5
799.5 135
976.5 540
1057.5 726.75
1208.25 798.75
945 792
976.5 535.5
1206 783
1057.5 778.5
983.25 549
1210.5 96.75
1134 108
983.25 555.75
1071 895.5
1080 897.75
1053 738
1039.5 796.5
1084.5 645.75
1209.38 783
956.25 769.5
983.25 553.5
1027.12 772.875
1057.5 776.25
1045.69 729
1792 134
1537 858
1651 120
1601 120
1426 476
1737 496
1537 437
1666 261
1503 942
1479 874
1811 347
1954 358
1411 514
1639 116
1608 281
1512 470
1711 298
1729 271.5
1426 475.5
1621 226.5
1636 286.5
1459 885
1471 874.5
1493.5 457.5
1487.5 892.5
1573 439.5
1535.5 436.5
1408 895.5
1634.5 114
1601.5 120
1676.5 267
1517.5 241.5
1471 112.5
1649.5 310.5
1432 231
1805.5 364.5
1450 450
1632.25 256.5
1479.25 456.75
1560.25 459
1738 306
1582.75 886.5
1911.25 157.5
1636.75 288
1648 272.25
1636.75 267.75
1675 267.75
1742.5 247.5
1621 225
1663.75 191.25
1495 475.875
1670.5 114.75
1495 455.625
1721.12 118.125
1660.38 131.625
1619.88 226.125
1633.38 236.25
1616.5 334.125
1579.38 259.875
1481.5 313.875
1832.5 273.375
1727.88 273.375
1646.88 286.875
1636.75 286.875
1829.12 273.375
354 515
461 746
223 1133
460 845
439 695
439 695
468 307.5
326.25 384.75
355.5 517.5
378 624.375
1259 922
1218 799
973 475
957 774
949.5 768
946.5 792
1207.5 784.5
1209 798
1215 781.5
1050.75 720
1209.38 796.5
1125 435.375
1040.62 425.25
1010.25 597.375
1932 150
1424.5 454.5
1571.5 438.75
1733.5 483.75
1726.75 272.25
1801 375.75
