199 2

444 984
448 937
448 989
340 747
330 778
424 1054
352 751
333 751
420 889
346 930
434 986
352 751
427 1029
427 1029
347 766
418 932
420 1086
380 865
414 870
418 932
423 1062
422 871
389 866
383 865
385.5 439.5
382.5 865.5
418.5 888
507 1230
447 552
438 994.5
439.5 982.5
433.5 988.5
420 871.5
439.5 982.5
499.5 1233
444 943.5
412.5 870
373.5 864
387 883.5
418.5 870.75
202.5 1377
297 771.75
405 895.5
330.75 735.75
337.5 776.25
334.125 627.75
334.125 634.5
307.125 729
455.625 688.5
324 830.25
308.812 632.812
455.625 688.5
339.188 769.5
379.688 475.875
349.312 739.125
303.75 764.438
1035 1064
1234 1162
846 653
1193 1028
955 787
956 796
869 1324
954 804
1016 1053
1192.5 1026
955.5 781.5
925.5 1021.5
933 1015.5
955.5 796.5
1233 1162.5
1195.5 1045.5
955.5 786
1002 1018.5
954 802.5
961.5 804
1017 1039.5
1050 1140
1096.5 348
1090.5 346.5
1225.5 1174.5
775.5 379.5
954 783
1035 972
1185.75 1044
922.5 1037.25
954 783
1183.5 1030.5
1035 1023.75
960.75 796.5
1188 342
1111.5 353.25
960.75 803.25
1048.5 1140.75
1057.5 1140.75
1030.5 983.25
1017 1041.75
1062 891
1185.75 1029.38
932.625 1012.5
959.625 799.875
1003.5 1015.88
1033.88 1019.25
1020.38 972
1768 378
1515 1102
1627 364
1577 365
1403 721
1714 740
1514 681
1641 505
1480 1187
1456 1118
1788 591
1931 601
1388 758
1614 360
1584 525
1489 715
1687 542
1705 516
1403.5 720
1597 471
1612 531
1436.5 1129.5
1448.5 1119
1469.5 702
1465 1137
1549 684
1513 681
1385.5 1140
1610.5 358.5
1577.5 364.5
1652.5 510
1493.5 484.5
1447 357
1627 553.5
1409.5 475.5
1783 607.5
1425.25 695.25
1609.75 499.5
1454.5 702
1535.5 702
1715.5 549
1560.25 1131.75
1888.75 400.5
1614.25 531
1623.25 517.5
1612 510.75
1650.25 510.75
1717.75 490.5
1596.25 470.25
1639 436.5
1471.38 718.875
1643.5 357.75
1471.38 698.625
1697.5 361.125
1636.75 374.625
1596.25 469.125
1609.75 479.25
1592.88 577.125
1555.75 502.875
1457.88 556.875
1808.88 516.375
1704.25 516.375
1623.25 529.875
1613.12 529.875
1808.88 516.375
332 764
439 991
203 1379
438 1089
418 940
416 940
447 555
303.75 632.25
333 762.75
354.375 870.75
1236 1168
1195 1044
950 720
933 1021.5
928.5 1014
924 1038
1185 1029
1186.5 1045.5
1192.5 1029
1026 965.25
1185.75 1039.5
1101.38 678.375
1015.31 668.25
984.938 840.375
1908 393
1400.5 699
1549 684
1711 726.75
1704.25 515.25
1778.5 618.75
