98 2

398 1133
427 1250
420 1249
404 1314
398 1150
326 1191
396 1201
407 1289
407 1289
400 1346
425 1291
392 1132
403 1321
400 1133
367 1128
390 1131
361 1127
360 1126.5
397.5 1149
417 1255.5
399 1134
418.5 1243.5
391.5 1132.5
352.5 1126.5
334.125 1130.62
344.25 870.75
1058 981
992 1312
1026 1398
929.25 1046.25
897.75 1298.25
996.75 1228.5
994.5 1237.5
1003.5 1225.12
996.75 1231.88
1044 1150.88
909 1275.75
1010.25 1279.12
993.375 1299.38
1488 1361
1599 627
1668 806
1731 1351
1574 977
1686 1000
1486 941
1613 767
1430 1377
1902 861
1617 803
1659 804
1568.5 732
1534 1390.5
1421.5 1378.5
1436.5 1395
1522 945
1648 816
1486 942
1516 726
1393 729
1582 621
1591 708
1550.5 627
1525 973.5
1466.5 747
1633 966
1756 868.5
1684 987.75
1533.25 1390.5
1670.5 625.5
1780.75 776.25
1596.25 778.5
1769.5 778.5
1690.75 751.5
1569.25 729
1612 697.5
1459 684
1562.5 833.625
1778.5 776.25
1677.25 776.25
1586.12 793.125
418 1252
423 1245
423 1193
396 1194
382.5 1155
385.5 1155
931 1049
1071 610.5
993 1303.5
1161 607.5
936 1059.75
959.625 1103.62
1740 640
1455 1447
1760 852
1586 623
1623.25 771.75
