-59.2463 307.753 151.137
-55.8835 304.158 150.037
-55.6815 304.495 150.27
-53.1091 303.854 150.089
-58.5505 307.495 151.275
-55.3428 309.773 152.115
-56.7358 306.497 150.951
-53.9169 304.286 150.395
-54.1389 304.157 149.973
-51.9925 303.349 149.857
-54.3876 303.433 149.921
-59.1394 308.03 151.232
-52.7897 303.776 150.16
-59.2932 307.668 151.108
-58.6849 309.193 151.626
-59.0623 308.221 151.444
-58.5765 309.475 151.72
-58.4789 309.614 151.951
-58.6056 307.498 151.204
-55.3497 304.54 150.374
-59.2321 307.711 151.139
-56.0125 304.511 149.922
-59.1069 308.063 151.26
-58.3877 309.878 151.87
-57.6947 310.652 152.314
-67.3923 316.426 154.492
-76.9903 286.36 143.207
-66.2658 283.603 140.383
-64.7535 281.646 138.635
-72.8801 289.424 144.147
-64.9852 286.524 141.667
-68.7074 284.646 141.005
-68.3578 284.552 141.114
-68.9186 284.501 140.945
-68.5215 284.548 141.24
-71.6908 284.368 141.253
-65.812 286.519 141.758
-67.4777 283.535 140.46
-66.6334 283.732 140.473
-72.927 272.808 131.469
-95.0957 275.932 139.928
-89.5486 272.897 136.326
-75.8776 269.978 127.618
-83.5569 273.569 135.303
-83.9215 271.4 133.367
-83.73 275.63 137.156
-90.2891 274.417 137.464
-71.8139 273.617 132.183
-89.4411 268.511 132.276
-89.2196 273.988 137.068
-89.54 273.095 136.481
-91.1224 275.682 138.73
-72.8907 272.121 130.182
-71.6958 273.816 132.146
-71.5709 273.611 131.394
-83.9796 274.866 136.492
-89.1429 273.148 136.689
-83.7593 275.574 137.357
-90.9789 276.898 139.933
-89.5691 280.175 141.25
-95.1203 276.444 140.132
-92.1441 275.362 138.8
-94.7594 277.123 140.741
-83.1706 274.59 136.029
-89.744 277.982 140.155
-84.4285 272.485 134.673
-88.4682 270.578 134.769
-84.3303 271.331 133.918
-72.9012 272.167 130.143
-95.6048 274.233 138.849
-91.406 270.758 135.425
-89.8557 274.625 137.757
-91.2545 270.96 135.544
-91.5726 272.689 137.055
-91.3153 275.601 139.03
-92.739 274.936 138.788
-91.7916 278.922 140.963
-87.8324 274.862 137.616
-91.1941 270.985 135.026
-90.7506 272.681 137.161
-89.3651 274.661 137.906
-55.5997 304.485 150.152
-55.948 304.428 150.143
-57.7091 305.507 150.511
-57.0298 306.616 150.894
-58.1486 307.88 151.1
-58.0168 308.001 151.584
-72.8559 289.339 143.975
-89.9645 292.053 147.017
-66.6363 283.741 140.071
-91.2268 289.036 145.738
-72.5781 288.99 143.892
-71.7306 287.529 142.381
-95.7562 272.468 137.998
-70.695 272.89 130.909
-88.8841 270.765 134.594
-95.0351 276.348 139.949
-90.3444 274.003 137.65
