98 2

442 625
470 744
463 744
446 809
441 643
368 684
439 695
449 785
450 783
442 841
468 787
436 624
445 817
444 625
411 620
433 623
405 619
403.5 619.5
441 642
459 750
442.5 625.5
463.5 738
435 624
396 618
378 624.375
384.75 359.438
1106 477
1039 809
1074 895.5
976.5 540
945 792
1044 722.25
1041.75 733.5
1050.75 718.875
1044 729
1091.25 644.625
956.25 769.5
1057.5 776.25
1040.62 796.5
1537 858
1651 120
1720 300
1780 849
1625 472
1737 496
1537 437
1666 261
1479 874
1954 358
1669 297
1711 298
1621 226.5
1583.5 888
1471 874.5
1487.5 892.5
1573 439.5
1699 310.5
1535.5 436.5
1567 222
1444 222
1634.5 114
1643.5 202.5
1601.5 120
1576 468
1517.5 241.5
1684 462
1805.5 364.5
1733.5 483.75
1582.75 886.5
1724.5 121.5
1832.5 272.25
1648 272.25
1821.25 274.5
1742.5 247.5
1621 225
1663.75 191.25
1510.75 177.75
1613.12 327.375
1832.5 273.375
1727.88 273.375
1636.75 286.875
461 746
466 739
466 686
439 687
427.5 648
427.5 648
978 541
1120.5 102
1041 798
1210.5 96.75
983.25 553.5
1010.25 597.375
1792 134
1503 942
1811 347
1639 116
1675 267.75
