203 2

304 637
347 766
595 240
341 630
624 258
305 621
319 636
330 1092
330 750
312 637.5
342 639
298.5 762
333 762
331.5 765
313.5 622.5
327 733.5
340.5 733.5
441 934.5
306 621
592.5 237
333 751.5
547.5 547.5
307.5 745.5
331.5 780
397.5 867
306 740.25
326.25 735.75
299.25 762.75
321.75 636.75
337.5 639
333 778.5
344.25 731.25
342 636.75
308.25 731.25
351 747
334.125 762.75
300.375 762.75
344.25 745.875
349.312 739.125
814 268
926 1022
932 1013
956 782
776 380
956 796
933 1022
954 804
1090 346
1184 1030
1021 1114
1186 1046
1195 1046
983 412
989 1174
1234 1162
1100 348
1205 1026
981 408
961.5 804
1021.5 1116
954 802.5
933 1021.5
1096.5 348
955.5 796.5
928.5 1014
775.5 379.5
955.5 786
924 1038
933 1015.5
1192.5 1026
1035 1021.5
1233 1162.5
1002 1018.5
925.5 1021.5
1185 1029
1006.5 1021.5
1186.5 1045.5
814.5 268.5
1195.5 1045.5
1012.5 609
1113 354
1027.5 684
931.5 1014.75
1039.5 1023.75
1035 976.5
1026 965.25
812.25 267.75
1183.5 1030.5
960.75 803.25
922.5 1037.25
1185.75 1044
1192.5 1044
1057.5 1140.75
1071 891
954 783
960.75 796.5
1111.5 353.25
1008 609.75
1185.75 1039.5
922.5 1036.12
932.625 1012.5
1027.12 685.125
1185.75 1029.38
1209.38 1019.25
1033.88 1019.25
1020.38 968.625
1111.5 327.375
1005.19 840.375
929.25 1012.5
1015.31 668.25
1096.31 678.375
984.938 840.375
1770 542
1641 505
1687 542
1796 1129
1695 1144
1456 1118
1504 1112
1614 360
1627 364
1714 740
1788 591
1768 378
1553 712
1681 379
1633 580
1429 529
1439 746
1931 601
1482 1193
1952 696
1454 718
1601 733
1409 476
1847 103
1515 1102
1548 727
1438 468
1732 717
1493.5 484.5
1937.5 717
1577.5 364.5
1405 747
1465 1137
1457.5 583.5
1598.5 466.5
1438 468
1448.5 1119
1549 684
1783 609
1597 471
1513 681
1516 717
1610.5 358.5
1489 714
1892.5 397.5
1510 727.5
1596.25 470.25
1711 373.5
1441 463.5
1717.75 490.5
1454.5 702
1783 607.5
1481.5 711
1459 580.5
1612 510.75
1560.25 1131.75
1623.25 517.5
1481.5 1138.5
1711 726.75
1639 436.5
1650.25 510.75
1578.25 364.5
1504 463.5
1640.12 523.125
1623.25 529.875
1613.12 529.875
1704.25 516.375
1481.5 708.75
314 639
306 745
321 766.5
321 766.5
303 634.5
274.5 735.75
324 631.125
955 787
1236 1168
1236 1168
928 1014
924 1032
1096.5 348
955.5 781.5
1001.25 1019.25
1100.25 681.75
929.25 1002.38
1514 681
1480 1187
1618 744
1603 714
1567 507
1643.5 357.75
