203 2

281 904
325 1031
571 504
319 898
601 523
283 888
296 905
309 1358
307 1017
289.5 904.5
318 906
276 1029
310.5 1029
309 1032
291 889.5
304.5 1000.5
318 1000.5
418.5 1198.5
283.5 888
568.5 502.5
310.5 1017
523.5 813
283.5 1011
309 1045.5
375 1131
283.5 1008
303.75 1003.5
276.75 1030.5
299.25 904.5
315 906.75
310.5 1044
321.75 999
319.5 904.5
285.75 999
328.5 1014.75
310.5 1029.38
276.75 1029.38
320.625 1012.5
324 1007.44
789 532
902 1284
908 1276
932 1043
753 642
931 1061
910 1285
930 1069
1065 610
1159 1292
997 1373
1161 1308
1170 1308
958 674
966 1438.5
1208 1422
1074 611
1181 1288
957 669
936 1069.5
997.5 1375.5
930 1068
909 1285.5
1071 610.5
931.5 1060.5
904.5 1276.5
751.5 643.5
930 1047
900 1300.5
909 1278
1168.5 1288.5
1011 1282.5
1207.5 1422
978 1281
903 1284
1159.5 1291.5
982.5 1282.5
1161 1308
789 531
1170 1308
987 873
1089 616.5
1002 948
909 1278
1014.75 1287
1010.25 1237.5
1001.25 1226.25
789.75 533.25
1158.75 1291.5
936 1068.75
897.75 1298.25
1161 1307.25
1167.75 1307.25
1032.75 1399.5
1046.25 1154.25
929.25 1046.25
936 1062
1086.75 616.5
983.25 873
1162.12 1302.75
898.875 1296
909 1275.75
1003.5 948.375
1162.12 1292.62
1185.75 1279.12
1010.25 1279.12
996.75 1231.88
1087.88 590.625
979.875 1103.62
909 1275.75
990 931.5
1071 941.625
959.625 1103.62
1742 803
1613 767
1659 804
1768 1387
1668 1402
1430 1377
1477 1371
1586 623
1599 627
1686 1000
1760 852
1740 640
1525 973
1653 641
1605 841
1402 791
1412 1007
1902 861
1456 1452
1923 956
1427 979
1575 993
1381 738
1818 365
1488 1361
1521 987
1411 730
1704 977
1466.5 747
1909 976.5
1550.5 627
1379.5 1008
1436.5 1395
1430.5 844.5
1571.5 727.5
1411 730.5
1421.5 1378.5
1522 945
1756 870
1568.5 732
1486 942
1489 978
1582 621
1460.5 975
1864 658.5
1483 988.5
1569.25 729
1684 634.5
1414 726.75
1690.75 751.5
1427.5 963
1756 868.5
1454.5 972
1432 843.75
1582.75 771.75
1533.25 1390.5
1596.25 778.5
1454.5 1397.25
1684 987.75
1612 697.5
1623.25 771.75
1551.25 627.75
1477 726.75
1613.12 783
1596.25 793.125
1586.12 793.125
1677.25 776.25
1454.5 968.625
290 906
283 1010
298.5 1033.5
295.5 1032
280.5 903
252 1003.5
300.375 897.75
931 1049
1211 1429
1209 1429
904 1277
900 1295
1074 610.5
931.5 1042.5
976.5 1282.5
1073.25 945
903.938 1265.62
1486 941
1455 1447
1591 1005
1576 973.5
1540 769.5
1616.5 617.625
