-60.4181 323.435 150.375
-56.8958 319.147 149.575
-80.2758 320.285 150.792
-61.4457 322.008 150.019
-80.1076 318.665 150.339
-60.916 323.88 150.779
-60.8772 322.559 149.717
-46.2999 313.136 147.38
-57.2544 319.86 149.15
-60.543 323.144 150.416
-61.2557 321.648 149.588
-56.0916 320.978 149.612
-56.8856 319.536 149.166
-56.7541 319.534 149.162
-61.0861 323.415 150.517
-57.6779 320.398 149.467
-57.9835 319.835 149.294
-53.7732 311.967 147.026
-60.9718 323.773 150.622
-80.2745 320.282 150.483
-57.1297 319.932 149.603
-68.4917 315.376 148.148
-56.8846 320.956 149.532
-56.1656 319.381 149.397
-54.8225 315.02 148.17
-57.0262 321.044 149.506
-57.6339 320.294 149.282
-56.1366 320.841 149.419
-60.8192 322.647 150.119
-61.0885 321.928 149.906
-56.249 319.351 149.389
-58.1862 319.643 149.088
-61.2623 321.787 149.868
-57.3725 321.144 149.547
-57.8268 319.029 148.878
-56.9721 319.388 148.896
-56.1975 320.793 149.336
-57.746 319.33 148.899
-58.3315 318.891 147.996
-82.8272 310.843 147.672
-61.8174 294.573 139.217
-62.1927 294.536 139.06
-68.7047 297.112 141.453
-78.414 310.296 148.055
-68.3986 296.914 140.266
-61.8837 294.342 139.308
-68.1011 296.833 140.55
-84.1363 299.738 143.578
-66.3262 288.279 134.958
-61.3338 290.927 137.288
-66.0025 288.084 134.746
-66.1509 287.895 134.611
-80.5079 302.193 144.543
-59.4552 291.036 136.712
-64.4358 286.227 132.514
-84.18 299.404 143.297
-66.6825 287.752 135.063
-80.7112 302.374 145.149
-68.3018 296.652 139.856
-61.3168 290.903 137.185
-68.1483 296.853 140.48
-62.0382 294.403 138.8
-84.2045 299.521 143.604
-68.322 296.901 140.78
-62.0828 294.615 139.182
-78.3168 310.128 147.302
-68.6456 297.101 140.893
-61.4031 294.416 139.003
-62.1315 294.472 139.101
-66.4864 288.034 135.183
-63.8359 291.711 137.776
-64.3414 286.149 132.773
-63.35 292.609 138.065
-61.6796 294.529 139.681
-66.4129 288.339 134.705
-63.3137 292.435 138.198
-66.0725 288.152 134.495
-82.8702 310.886 147.842
-66.2199 287.965 134.361
-74.656 298.021 141.489
-84.3494 298.883 143.839
-72.7001 296.469 140.488
-61.994 294.46 139.538
-63.9975 291.668 137.08
-64.9963 292.31 137.988
-65.1141 292.681 138.241
-82.8809 310.974 148.127
-66.2695 288.226 135.183
-68.2761 296.665 140.128
-61.4173 294.491 139.005
-66.0446 288.115 134.707
-66.1555 287.973 134.607
-61.5174 289.833 136.179
-67.7897 292.474 138.051
-68.6944 297.163 140.813
-68.46 296.762 140.198
-84.2467 298.94 143.468
-74.5831 298.142 141.928
-66.0535 288.027 135.171
-61.2729 294.446 139.608
-62.1875 294.511 139.148
-72.6542 296.413 141.253
-66.2827 288.125 135.285
-66.8464 287.61 135.495
-63.8016 291.719 138.126
-64.8939 292.744 138.341
-85.2248 299.353 144.135
-68.0313 294.911 139.314
-61.7779 294.451 140.381
-72.9676 297.053 141.012
-73.9183 294.582 139.829
-67.6881 295.474 139.594
-85.0666 281.321 131.717
-85.06 283.817 133.897
-84.3951 282.749 132.762
-72.7091 280.553 122.967
-71.3665 280.769 124.916
-68.7144 282.969 129.597
-69.552 282.603 128.493
-89.1208 285.519 136.085
-89.1016 285.202 135.865
-79.5872 281.384 129.814
-83.8704 280.869 130.758
-89.779 282.216 133.974
-78.744 284.051 132.459
-89.1281 283.907 135.1
-82.9452 283.441 133.103
-82.4437 287.96 136.786
-76.6895 285.771 134.031
-84.3852 279.262 128.197
-67.7416 282.374 128.189
-82.1658 279.113 126.425
-77.5752 285.695 134.174
-78.8454 282.692 132.368
-83.7021 289.086 137.355
-99.2532 282.577 136.613
-69.8801 282.504 128.446
-78.3972 283.827 132.829
-84.3487 288.37 137.443
-80.2892 281.212 129.87
-84.3954 286.931 136.435
-81.6716 279.086 126.568
-88.8583 286.139 136.93
-76.3004 286.237 135.066
-68.6765 283.291 128.267
-81.2319 286.763 135.85
-86.0005 284.742 135.498
-84.3221 288.385 137.368
-68.6653 283.295 129.264
-79.4764 284.129 133.27
-83.4833 280.651 130.968
-85.6606 284.968 134.89
-79.1802 284.825 133.818
-78.2859 284.514 133.306
-89.0957 285.657 136.036
-77.9984 285.28 133.159
-89.8982 280.046 131.936
-77.9556 284.552 133.255
-85.9974 284.66 135.787
-89.764 283.12 135.301
-84.449 288.384 137.274
-86.2787 282.251 133.562
-77.994 285.812 134.372
-83.5229 280.656 130.989
-78.0635 285.21 133.875
-81.2446 286.838 135.561
-84.5484 284.499 133.86
-69.9384 281.918 127.319
-84.7233 283.86 134.473
-68.7679 282.777 128.529
-79.9293 281.283 130.351
-87.2513 284.133 135.37
-85.1498 283.383 134.199
-88.8116 286.152 136.81
-85.0839 286.918 136.463
-84.7648 283.442 134.308
-84.2596 283.875 134.023
-84.1703 284.071 134.158
-85.4873 282.292 133.518
-78.15 285.183 134.041
-60.6432 322.834 149.941
-56.7359 321.212 149.977
-56.4645 319.938 149.286
-56.665 319.76 148.732
-60.5182 323.401 150.19
-56.4499 322.475 149.943
-61.0839 322.679 150.078
-68.5567 297.063 141.236
-64.2603 286.027 132.689
-64.4875 286.331 131.918
-62.0917 294.632 139.108
-61.5701 294.5 138.984
-84.4535 299.508 144.605
-68.7101 297.134 141.465
-63.414 292.678 137.685
-73.8771 294.503 139.152
-62.5461 294.812 138.704
-79.1596 284.927 133.542
-67.734 282.219 128.631
-78.657 282.601 131.476
-79.2937 282.934 132.259
-84.4432 285.14 135.173
-89.822 284.607 136.561
