1000 1

0.0000000000 
0.0100100100 
0.0200200200 
0.0300300300 
0.0400400400 
0.0500500501 
0.0600600601 
0.0700700701 
0.0800800801 
0.0900900901 
0.1001001001 
0.1101101101 
0.1201201201 
0.1301301301 
0.1401401401 
0.1501501502 
0.1601601602 
0.1701701702 
0.1801801802 
0.1901901902 
0.2002002002 
0.2102102102 
0.2202202202 
0.2302302302 
0.2402402402 
0.2502502503 
0.2602602603 
0.2702702703 
0.2802802803 
0.2902902903 
0.3003003003 
0.3103103103 
0.3203203203 
0.3303303303 
0.3403403403 
0.3503503504 
0.3603603604 
0.3703703704 
0.3803803804 
0.3903903904 
0.4004004004 
0.4104104104 
0.4204204204 
0.4304304304 
0.4404404404 
0.4504504505 
0.4604604605 
0.4704704705 
0.4804804805 
0.4904904905 
0.5005005005 
0.5105105105 
0.5205205205 
0.5305305305 
0.5405405405 
0.5505505506 
0.5605605606 
0.5705705706 
0.5805805806 
0.5905905906 
0.6006006006 
0.6106106106 
0.6206206206 
0.6306306306 
0.6406406406 
0.6506506507 
0.6606606607 
0.6706706707 
0.6806806807 
0.6906906907 
0.7007007007 
0.7107107107 
0.7207207207 
0.7307307307 
0.7407407407 
0.7507507508 
0.7607607608 
0.7707707708 
0.7807807808 
0.7907907908 
0.8008008008 
0.8108108108 
0.8208208208 
0.8308308308 
0.8408408408 
0.8508508509 
0.8608608609 
0.8708708709 
0.8808808809 
0.8908908909 
0.9009009009 
0.9109109109 
0.9209209209 
0.9309309309 
0.9409409409 
0.9509509510 
0.9609609610 
0.9709709710 
0.9809809810 
0.9909909910 
1.0010010010 
1.0110110110 
1.0210210210 
1.0310310310 
1.0410410410 
1.0510510511 
1.0610610611 
1.0710710711 
1.0810810811 
1.0910910911 
1.1011011011 
1.1111111111 
1.1211211211 
1.1311311311 
1.1411411411 
1.1511511512 
1.1611611612 
1.1711711712 
1.1811811812 
1.1911911912 
1.2012012012 
1.2112112112 
1.2212212212 
1.2312312312 
1.2412412412 
1.2512512513 
1.2612612613 
1.2712712713 
1.2812812813 
1.2912912913 
1.3013013013 
1.3113113113 
1.3213213213 
1.3313313313 
1.3413413413 
1.3513513514 
1.3613613614 
1.3713713714 
1.3813813814 
1.3913913914 
1.4014014014 
1.4114114114 
1.4214214214 
1.4314314314 
1.4414414414 
1.4514514515 
1.4614614615 
1.4714714715 
1.4814814815 
1.4914914915 
1.5015015015 
1.5115115115 
1.5215215215 
1.5315315315 
1.5415415415 
1.5515515516 
1.5615615616 
1.5715715716 
1.5815815816 
1.5915915916 
1.6016016016 
1.6116116116 
1.6216216216 
1.6316316316 
1.6416416416 
1.6516516517 
1.6616616617 
1.6716716717 
1.6816816817 
1.6916916917 
1.7017017017 
1.7117117117 
1.7217217217 
1.7317317317 
1.7417417417 
1.7517517518 
1.7617617618 
1.7717717718 
1.7817817818 
1.7917917918 
1.8018018018 
1.8118118118 
1.8218218218 
1.8318318318 
1.8418418418 
1.8518518519 
1.8618618619 
1.8718718719 
1.8818818819 
1.8918918919 
1.9019019019 
1.9119119119 
1.9219219219 
1.9319319319 
1.9419419419 
1.9519519520 
1.9619619620 
1.9719719720 
1.9819819820 
1.9919919920 
2.0020020020 
2.0120120120 
2.0220220220 
2.0320320320 
2.0420420420 
2.0520520521 
2.0620620621 
2.0720720721 
2.0820820821 
2.0920920921 
2.1021021021 
2.1121121121 
2.1221221221 
2.1321321321 
2.1421421421 
2.1521521522 
2.1621621622 
2.1721721722 
2.1821821822 
2.1921921922 
2.2022022022 
2.2122122122 
2.2222222222 
2.2322322322 
2.2422422422 
2.2522522523 
2.2622622623 
2.2722722723 
2.2822822823 
2.2922922923 
2.3023023023 
2.3123123123 
2.3223223223 
2.3323323323 
2.3423423423 
2.3523523524 
2.3623623624 
2.3723723724 
2.3823823824 
2.3923923924 
2.4024024024 
2.4124124124 
2.4224224224 
2.4324324324 
2.4424424424 
2.4524524525 
2.4624624625 
2.4724724725 
2.4824824825 
2.4924924925 
2.5025025025 
2.5125125125 
2.5225225225 
2.5325325325 
2.5425425425 
2.5525525526 
2.5625625626 
2.5725725726 
2.5825825826 
2.5925925926 
2.6026026026 
2.6126126126 
2.6226226226 
2.6326326326 
2.6426426426 
2.6526526527 
2.6626626627 
2.6726726727 
2.6826826827 
2.6926926927 
2.7027027027 
2.7127127127 
2.7227227227 
2.7327327327 
2.7427427427 
2.7527527528 
2.7627627628 
2.7727727728 
2.7827827828 
2.7927927928 
2.8028028028 
2.8128128128 
2.8228228228 
2.8328328328 
2.8428428428 
2.8528528529 
2.8628628629 
2.8728728729 
2.8828828829 
2.8928928929 
2.9029029029 
2.9129129129 
2.9229229229 
2.9329329329 
2.9429429429 
2.9529529530 
2.9629629630 
2.9729729730 
2.9829829830 
2.9929929930 
3.0030030030 
3.0130130130 
3.0230230230 
3.0330330330 
3.0430430430 
3.0530530531 
3.0630630631 
3.0730730731 
3.0830830831 
3.0930930931 
3.1031031031 
3.1131131131 
3.1231231231 
3.1331331331 
3.1431431431 
3.1531531532 
3.1631631632 
3.1731731732 
3.1831831832 
3.1931931932 
3.2032032032 
3.2132132132 
3.2232232232 
3.2332332332 
3.2432432432 
3.2532532533 
3.2632632633 
3.2732732733 
3.2832832833 
3.2932932933 
3.3033033033 
3.3133133133 
3.3233233233 
3.3333333333 
3.3433433433 
3.3533533534 
3.3633633634 
3.3733733734 
3.3833833834 
3.3933933934 
3.4034034034 
3.4134134134 
3.4234234234 
3.4334334334 
3.4434434434 
3.4534534535 
3.4634634635 
3.4734734735 
3.4834834835 
3.4934934935 
3.5035035035 
3.5135135135 
3.5235235235 
3.5335335335 
3.5435435435 
3.5535535536 
3.5635635636 
3.5735735736 
3.5835835836 
3.5935935936 
3.6036036036 
3.6136136136 
3.6236236236 
3.6336336336 
3.6436436436 
3.6536536537 
3.6636636637 
3.6736736737 
3.6836836837 
3.6936936937 
3.7037037037 
3.7137137137 
3.7237237237 
3.7337337337 
3.7437437437 
3.7537537538 
3.7637637638 
3.7737737738 
3.7837837838 
3.7937937938 
3.8038038038 
3.8138138138 
3.8238238238 
3.8338338338 
3.8438438438 
3.8538538539 
3.8638638639 
3.8738738739 
3.8838838839 
3.8938938939 
3.9039039039 
3.9139139139 
3.9239239239 
3.9339339339 
3.9439439439 
3.9539539540 
3.9639639640 
3.9739739740 
3.9839839840 
3.9939939940 
4.0040040040 
4.0140140140 
4.0240240240 
4.0340340340 
4.0440440440 
4.0540540541 
4.0640640641 
4.0740740741 
4.0840840841 
4.0940940941 
4.1041041041 
4.1141141141 
4.1241241241 
4.1341341341 
4.1441441441 
4.1541541542 
4.1641641642 
4.1741741742 
4.1841841842 
4.1941941942 
4.2042042042 
4.2142142142 
4.2242242242 
4.2342342342 
4.2442442442 
4.2542542543 
4.2642642643 
4.2742742743 
4.2842842843 
4.2942942943 
4.3043043043 
4.3143143143 
4.3243243243 
4.3343343343 
4.3443443443 
4.3543543544 
4.3643643644 
4.3743743744 
4.3843843844 
4.3943943944 
4.4044044044 
4.4144144144 
4.4244244244 
4.4344344344 
4.4444444444 
4.4544544545 
4.4644644645 
4.4744744745 
4.4844844845 
4.4944944945 
4.5045045045 
4.5145145145 
4.5245245245 
4.5345345345 
4.5445445445 
4.5545545546 
4.5645645646 
4.5745745746 
4.5845845846 
4.5945945946 
4.6046046046 
4.6146146146 
4.6246246246 
4.6346346346 
4.6446446446 
4.6546546547 
4.6646646647 
4.6746746747 
4.6846846847 
4.6946946947 
4.7047047047 
4.7147147147 
4.7247247247 
4.7347347347 
4.7447447447 
4.7547547548 
4.7647647648 
4.7747747748 
4.7847847848 
4.7947947948 
4.8048048048 
4.8148148148 
4.8248248248 
4.8348348348 
4.8448448448 
4.8548548549 
4.8648648649 
4.8748748749 
4.8848848849 
4.8948948949 
4.9049049049 
4.9149149149 
4.9249249249 
4.9349349349 
4.9449449449 
4.9549549550 
4.9649649650 
4.9749749750 
4.9849849850 
4.9949949950 
5.0050050050 
5.0150150150 
5.0250250250 
5.0350350350 
5.0450450450 
5.0550550551 
5.0650650651 
5.0750750751 
5.0850850851 
5.0950950951 
5.1051051051 
5.1151151151 
5.1251251251 
5.1351351351 
5.1451451451 
5.1551551552 
5.1651651652 
5.1751751752 
5.1851851852 
5.1951951952 
5.2052052052 
5.2152152152 
5.2252252252 
5.2352352352 
5.2452452452 
5.2552552553 
5.2652652653 
5.2752752753 
5.2852852853 
5.2952952953 
5.3053053053 
5.3153153153 
5.3253253253 
5.3353353353 
5.3453453453 
5.3553553554 
5.3653653654 
5.3753753754 
5.3853853854 
5.3953953954 
5.4054054054 
5.4154154154 
5.4254254254 
5.4354354354 
5.4454454454 
5.4554554555 
5.4654654655 
5.4754754755 
5.4854854855 
5.4954954955 
5.5055055055 
5.5155155155 
5.5255255255 
5.5355355355 
5.5455455455 
5.5555555556 
5.5655655656 
5.5755755756 
5.5855855856 
5.5955955956 
5.6056056056 
5.6156156156 
5.6256256256 
5.6356356356 
5.6456456456 
5.6556556557 
5.6656656657 
5.6756756757 
5.6856856857 
5.6956956957 
5.7057057057 
5.7157157157 
5.7257257257 
5.7357357357 
5.7457457457 
5.7557557558 
5.7657657658 
5.7757757758 
5.7857857858 
5.7957957958 
5.8058058058 
5.8158158158 
5.8258258258 
5.8358358358 
5.8458458458 
5.8558558559 
5.8658658659 
5.8758758759 
5.8858858859 
5.8958958959 
5.9059059059 
5.9159159159 
5.9259259259 
5.9359359359 
5.9459459459 
5.9559559560 
5.9659659660 
5.9759759760 
5.9859859860 
5.9959959960 
6.0060060060 
6.0160160160 
6.0260260260 
6.0360360360 
6.0460460460 
6.0560560561 
6.0660660661 
6.0760760761 
6.0860860861 
6.0960960961 
6.1061061061 
6.1161161161 
6.1261261261 
6.1361361361 
6.1461461461 
6.1561561562 
6.1661661662 
6.1761761762 
6.1861861862 
6.1961961962 
6.2062062062 
6.2162162162 
6.2262262262 
6.2362362362 
6.2462462462 
6.2562562563 
6.2662662663 
6.2762762763 
6.2862862863 
6.2962962963 
6.3063063063 
6.3163163163 
6.3263263263 
6.3363363363 
6.3463463463 
6.3563563564 
6.3663663664 
6.3763763764 
6.3863863864 
6.3963963964 
6.4064064064 
6.4164164164 
6.4264264264 
6.4364364364 
6.4464464464 
6.4564564565 
6.4664664665 
6.4764764765 
6.4864864865 
6.4964964965 
6.5065065065 
6.5165165165 
6.5265265265 
6.5365365365 
6.5465465465 
6.5565565566 
6.5665665666 
6.5765765766 
6.5865865866 
6.5965965966 
6.6066066066 
6.6166166166 
6.6266266266 
6.6366366366 
6.6466466466 
6.6566566567 
6.6666666667 
6.6766766767 
6.6866866867 
6.6966966967 
6.7067067067 
6.7167167167 
6.7267267267 
6.7367367367 
6.7467467467 
6.7567567568 
6.7667667668 
6.7767767768 
6.7867867868 
6.7967967968 
6.8068068068 
6.8168168168 
6.8268268268 
6.8368368368 
6.8468468468 
6.8568568569 
6.8668668669 
6.8768768769 
6.8868868869 
6.8968968969 
6.9069069069 
6.9169169169 
6.9269269269 
6.9369369369 
6.9469469469 
6.9569569570 
6.9669669670 
6.9769769770 
6.9869869870 
6.9969969970 
7.0070070070 
7.0170170170 
7.0270270270 
7.0370370370 
7.0470470470 
7.0570570571 
7.0670670671 
7.0770770771 
7.0870870871 
7.0970970971 
7.1071071071 
7.1171171171 
7.1271271271 
7.1371371371 
7.1471471471 
7.1571571572 
7.1671671672 
7.1771771772 
7.1871871872 
7.1971971972 
7.2072072072 
7.2172172172 
7.2272272272 
7.2372372372 
7.2472472472 
7.2572572573 
7.2672672673 
7.2772772773 
7.2872872873 
7.2972972973 
7.3073073073 
7.3173173173 
7.3273273273 
7.3373373373 
7.3473473473 
7.3573573574 
7.3673673674 
7.3773773774 
7.3873873874 
7.3973973974 
7.4074074074 
7.4174174174 
7.4274274274 
7.4374374374 
7.4474474474 
7.4574574575 
7.4674674675 
7.4774774775 
7.4874874875 
7.4974974975 
7.5075075075 
7.5175175175 
7.5275275275 
7.5375375375 
7.5475475475 
7.5575575576 
7.5675675676 
7.5775775776 
7.5875875876 
7.5975975976 
7.6076076076 
7.6176176176 
7.6276276276 
7.6376376376 
7.6476476476 
7.6576576577 
7.6676676677 
7.6776776777 
7.6876876877 
7.6976976977 
7.7077077077 
7.7177177177 
7.7277277277 
7.7377377377 
7.7477477477 
7.7577577578 
7.7677677678 
7.7777777778 
7.7877877878 
7.7977977978 
7.8078078078 
7.8178178178 
7.8278278278 
7.8378378378 
7.8478478478 
7.8578578579 
7.8678678679 
7.8778778779 
7.8878878879 
7.8978978979 
7.9079079079 
7.9179179179 
7.9279279279 
7.9379379379 
7.9479479479 
7.9579579580 
7.9679679680 
7.9779779780 
7.9879879880 
7.9979979980 
8.0080080080 
8.0180180180 
8.0280280280 
8.0380380380 
8.0480480480 
8.0580580581 
8.0680680681 
8.0780780781 
8.0880880881 
8.0980980981 
8.1081081081 
8.1181181181 
8.1281281281 
8.1381381381 
8.1481481481 
8.1581581582 
8.1681681682 
8.1781781782 
8.1881881882 
8.1981981982 
8.2082082082 
8.2182182182 
8.2282282282 
8.2382382382 
8.2482482482 
8.2582582583 
8.2682682683 
8.2782782783 
8.2882882883 
8.2982982983 
8.3083083083 
8.3183183183 
8.3283283283 
8.3383383383 
8.3483483483 
8.3583583584 
8.3683683684 
8.3783783784 
8.3883883884 
8.3983983984 
8.4084084084 
8.4184184184 
8.4284284284 
8.4384384384 
8.4484484484 
8.4584584585 
8.4684684685 
8.4784784785 
8.4884884885 
8.4984984985 
8.5085085085 
8.5185185185 
8.5285285285 
8.5385385385 
8.5485485485 
8.5585585586 
8.5685685686 
8.5785785786 
8.5885885886 
8.5985985986 
8.6086086086 
8.6186186186 
8.6286286286 
8.6386386386 
8.6486486486 
8.6586586587 
8.6686686687 
8.6786786787 
8.6886886887 
8.6986986987 
8.7087087087 
8.7187187187 
8.7287287287 
8.7387387387 
8.7487487487 
8.7587587588 
8.7687687688 
8.7787787788 
8.7887887888 
8.7987987988 
8.8088088088 
8.8188188188 
8.8288288288 
8.8388388388 
8.8488488488 
8.8588588589 
8.8688688689 
8.8788788789 
8.8888888889 
8.8988988989 
8.9089089089 
8.9189189189 
8.9289289289 
8.9389389389 
8.9489489489 
8.9589589590 
8.9689689690 
8.9789789790 
8.9889889890 
8.9989989990 
9.0090090090 
9.0190190190 
9.0290290290 
9.0390390390 
9.0490490490 
9.0590590591 
9.0690690691 
9.0790790791 
9.0890890891 
9.0990990991 
9.1091091091 
9.1191191191 
9.1291291291 
9.1391391391 
9.1491491491 
9.1591591592 
9.1691691692 
9.1791791792 
9.1891891892 
9.1991991992 
9.2092092092 
9.2192192192 
9.2292292292 
9.2392392392 
9.2492492492 
9.2592592593 
9.2692692693 
9.2792792793 
9.2892892893 
9.2992992993 
9.3093093093 
9.3193193193 
9.3293293293 
9.3393393393 
9.3493493493 
9.3593593594 
9.3693693694 
9.3793793794 
9.3893893894 
9.3993993994 
9.4094094094 
9.4194194194 
9.4294294294 
9.4394394394 
9.4494494494 
9.4594594595 
9.4694694695 
9.4794794795 
9.4894894895 
9.4994994995 
9.5095095095 
9.5195195195 
9.5295295295 
9.5395395395 
9.5495495495 
9.5595595596 
9.5695695696 
9.5795795796 
9.5895895896 
9.5995995996 
9.6096096096 
9.6196196196 
9.6296296296 
9.6396396396 
9.6496496496 
9.6596596597 
9.6696696697 
9.6796796797 
9.6896896897 
9.6996996997 
9.7097097097 
9.7197197197 
9.7297297297 
9.7397397397 
9.7497497497 
9.7597597598 
9.7697697698 
9.7797797798 
9.7897897898 
9.7997997998 
9.8098098098 
9.8198198198 
9.8298298298 
9.8398398398 
9.8498498498 
9.8598598599 
9.8698698699 
9.8798798799 
9.8898898899 
9.8998998999 
9.9099099099 
9.9199199199 
9.9299299299 
9.9399399399 
9.9499499499 
9.9599599600 
9.9699699700 
9.9799799800 
9.9899899900 
10.0000000000 
