1000 2

2.0411263029 -0.6337024391 
1.6985953426 1.7906402009 
2.4698841476 -1.8146917842 
-0.9886634657 1.6093775689 
-1.3333517352 0.3238197348 
-0.1356176888 0.7732255486 
-0.8112931632 0.0804054612 
2.7133783510 2.4971704080 
0.8142703678 1.3037815766 
-2.1503846679 0.6418132575 
-2.9021965703 -1.5426793762 
-2.1766105393 1.8250605254 
-2.0599254645 -0.5943336345 
-2.2212573193 -2.3471471878 
2.9935471080 -1.6904585681 
0.0775943664 2.0346734082 
0.6758389956 -1.2238102938 
0.8253136062 0.1457231404 
-0.0385020781 2.8366501433 
-1.2448992935 1.6281461868 
0.1604698753 1.6194830177 
-0.5986282675 2.3491767120 
-1.3001115240 -0.8852499164 
1.8463471201 2.5141588438 
-2.5814683426 2.6959624522 
0.1559721013 -2.4836649129 
-1.8467169240 0.9793615620 
2.3413956153 -0.9066423885 
-2.6149720753 -2.8798617068 
-0.2537895764 -2.6214249700 
-1.5703202749 2.8238047901 
2.4132484409 2.1055187206 
-1.4000055037 0.2385620443 
-0.7487581418 1.5614924182 
0.0752121848 1.0063425647 
0.1896386050 -2.7643179399 
-0.3741744204 2.5910103375 
2.5848587722 1.3257140584 
-1.2942395817 1.4312058894 
0.8398728994 -0.8757079215 
1.1271683416 -2.0041550021 
-0.3593728344 2.2804514176 
1.9752065600 -1.0179772219 
-1.6261909737 2.3602344875 
-0.8978389287 1.1200194499 
2.7388095175 0.5318407992 
0.9438242372 2.1520579556 
-0.3626404830 2.5438187334 
-0.6093800001 1.8886013780 
1.1053111516 2.4658321848 
-0.1050560601 -1.7050502462 
2.7015142449 2.5207695223 
-2.1140399115 2.2863730170 
0.8464835779 -0.4082794904 
0.7175789036 -1.3136435255 
1.7160125881 -1.1552527576 
-0.3177985248 -1.6433602491 
-1.8748013428 -1.3425919676 
0.3386625319 -0.5009923165 
-1.9823574829 2.4408236032 
-2.3809728694 -2.2435479654 
-0.0273356005 1.5628513706 
2.9085099902 2.6100239193 
1.1066701012 -0.7008700127 
1.4986252945 -0.7880187499 
-1.2350378280 -1.6064307683 
0.5069310039 -1.5335235859 
-2.0856612488 1.3928910952 
-2.2471505717 1.7608223291 
-2.0153883980 1.4704283348 
-2.5528211964 2.7006241901 
-2.6848244256 0.1293802788 
-1.9427360617 -1.5596257656 
1.7867883112 1.3959264701 
0.9393819179 2.8044308311 
0.8367500733 1.5584090513 
-2.4391171371 -2.1905855300 
0.1212604191 -2.5306071497 
-2.5805616135 -1.7720694825 
-0.2314771596 1.9180636811 
0.4399117704 1.5334850124 
-2.6883670872 -2.0531572285 
2.9999614265 -1.7740283361 
2.3397338667 -2.2471891452 
2.9867939958 -2.6756545341 
2.2232391896 -2.5660272034 
-2.9750303468 2.5384147640 
0.5633530754 -1.9177664057 
-2.0212110044 -0.6498586161 
2.4781600644 1.9181709163 
-0.8454277878 0.3149101349 
0.4765799648 -0.2845449249 
1.1243246077 -2.4021596189 
0.1848479282 1.5437629943 
-1.1742291014 2.9533707686 
0.4618266753 2.2656826690 
1.4868557781 0.7734595881 
-2.7874745595 1.4868172018 
1.9994312520 2.5522593071 
2.2396280566 1.9862252450 
2.8766047758 1.4628672434 
2.4201980417 2.9015744291 
1.0012820074 -0.0164488857 
-2.0161919794 1.9800710031 
2.3336925010 -2.5380319150 
0.8982419166 -1.5117352896 
0.7768782199 -1.6251781213 
1.2037197883 -1.0987971751 
-1.0273377402 -1.6114322863 
-2.5550341809 0.7984331612 
-1.6580615205 0.9067924944 
0.0641158275 2.8287942576 
-1.3197479203 0.2766412679 
1.3156114567 -2.3203166711 
-0.1710994249 0.5552395133 
2.6659085768 -0.2944946519 
-0.9818932461 2.0861066156 
-0.3929202256 -2.9806112414 
-0.9303422700 0.5908877978 
1.9994597645 -1.5966497718 
1.0528558828 -0.1022983217 
-0.1083850614 -1.1702659001 
1.2725235598 -1.9046652759 
0.7309369276 -2.7548141832 
-0.5160975622 1.1759027467 
1.0436189780 0.8258409173 
-0.9173047617 -1.8922651945 
0.6546351722 0.7629473180 
1.3843760734 -1.0297533712 
1.4426306470 -1.7867233543 
2.5254861422 1.1085392209 
0.9187819939 -1.4564071067 
0.1946458366 -2.4741382317 
-1.4370183453 2.2643035665 
1.1167495661 -2.4375585837 
-2.3323462081 -0.8303945539 
0.4601430946 0.5592687305 
0.9993395461 -1.2673333484 
1.6546034574 -1.2697235291 
-1.0221475288 -1.8614941076 
2.9061792176 -2.9785285536 
1.9643468126 -1.0111255469 
-1.8707937481 -0.3810180181 
2.7518217711 2.5135823281 
1.5892286108 1.1944524181 
-2.2731410290 1.1147147501 
-0.6970083638 1.6456409677 
2.6583076462 2.4976374728 
2.1715027360 -1.7787107019 
1.7619410366 0.2882522993 
-1.2162692855 2.4295948285 
2.4578577454 2.2438738091 
-0.0111364410 0.4571972887 
-2.0234595393 -1.3565329864 
2.1874737624 -0.0456070681 
-0.2180270940 2.0936529772 
-0.0241356217 -1.2536802843 
-1.9174725697 1.1050706329 
1.3653017005 -2.1656508013 
0.6186529582 -0.0454696915 
2.0288016168 1.3455119293 
-1.9307549414 -1.6682067470 
-0.0088471058 -2.2724472979 
-2.1705692770 -0.8373443726 
-1.0511579998 2.5913717624 
2.4509079268 0.7325727147 
2.0209665881 1.9087656694 
-0.0235534790 -0.9901698558 
-0.6340370419 0.9529869817 
0.6532971578 -1.4465632823 
-2.0926200892 -2.5647299362 
-2.3529103079 0.8832442918 
-0.8184102205 -1.2703828776 
-1.0116850780 -2.4531085228 
-0.4360336761 2.6069678802 
0.5014217885 -1.4072320621 
0.9524798067 1.5706668471 
-0.0754388092 -2.0563672991 
2.2982195491 0.7539919167 
0.1062883284 -1.7529384535 
0.3453636762 -0.4428037449 
1.9796342612 -0.6336697385 
-1.5340380783 -1.0439192206 
1.3761604085 0.8319248798 
2.9090677639 -0.9705424365 
2.3853615976 -2.1835523281 
-0.5352723727 -2.9675487103 
1.6996919637 1.6463174097 
-1.2379315878 -2.3119931171 
2.1932088869 1.3260347360 
-2.7050252397 -0.3053693275 
2.9188026767 1.2474545698 
-1.7347024832 -0.1566361353 
2.1910872707 -2.4364829368 
-2.4026442214 -0.7026244037 
-1.1894213903 0.9427194549 
1.8545718514 -2.2097871319 
-2.6909502836 -2.6794662269 
-0.2537063496 1.6852101249 
1.1524586529 -0.3446385885 
-2.2853323143 0.5378202505 
0.4718090833 0.1793953158 
0.5702715402 -0.8284989529 
-1.1742872774 2.3323399524 
-0.1404920701 -1.9810783933 
0.6583746884 0.1544826930 
0.7135522821 0.5771773623 
-1.5980627400 1.9788497989 
-2.5794587757 -2.4069754721 
2.5423668649 -1.9821029943 
-0.1095998758 -1.6470545282 
1.9606164605 -1.2550280244 
-0.8568416572 2.2696661769 
-0.9344942514 1.8894519931 
0.9548762990 -2.7820356012 
-1.4551865982 1.6695439875 
0.7557846493 2.0166224851 
-1.1510606996 -1.6739438133 
-1.8118764706 0.6746520231 
-2.3416038609 1.0476314621 
1.6935736298 1.3167708275 
-1.7978858476 -0.5928740909 
-1.1060518129 -0.3959485876 
-1.6140242920 -0.6855105887 
0.1970759403 -2.0716574299 
0.3323864170 -2.9125239383 
-0.7187119581 -0.7069971225 
-1.1675519627 1.4244463846 
-1.4373309484 0.8979537859 
0.3138983749 2.5175453534 
1.1159181875 1.8587117767 
1.1870893381 -1.1282971660 
0.8753342619 -2.9639713643 
0.1977590235 2.0634577913 
0.7106806588 0.8561551626 
0.1110892506 -0.5957457142 
-0.8270740126 1.3132034029 
1.8113801977 1.0668741744 
-2.0827451875 -2.8026440972 
-2.6186364170 1.1143307528 
-1.8743015271 0.7137500028 
1.2018068173 0.4069865148 
-2.9932471225 -2.9657451482 
-1.1685671006 -1.4305780709 
0.9322086405 2.1453312743 
-1.9130327203 -0.9518731748 
1.0040430510 2.2740566178 
0.9198296591 -1.1206226899 
2.3100852535 -1.8824113202 
-2.0571649014 0.0207659095 
1.9737438424 1.0539243520 
2.4250201981 -1.8533301730 
-0.6328722479 1.2364003929 
2.2135440014 0.2843825674 
1.4337562958 2.5949075872 
-1.6012866826 2.5594547687 
0.3086575872 2.6005201347 
-0.0335587193 0.3154104647 
2.6347749893 1.7978741800 
1.8848323938 0.5669836270 
0.9432054544 2.9717996763 
2.6151104521 -1.0527514974 
2.2458562913 0.5349401084 
0.8266258127 1.5559415447 
1.6525287911 1.7694609113 
-1.4232925486 0.6262726307 
-0.1766147395 -1.9982723533 
1.7729424605 2.1905130153 
2.2381280396 0.9864864591 
-0.5251044200 0.6718843326 
0.5813940436 0.8736088974 
0.2313390985 -2.1099483721 
0.4741290321 -2.8022196208 
1.2054620926 0.1089040186 
1.9956545592 0.0902944864 
-2.3241123573 -0.0611399892 
0.0620941599 -2.7090019079 
1.8861085134 -0.6920495516 
0.8259382005 -0.2872656767 
-2.1361080097 -0.5215330112 
-1.5178047654 -0.5594005555 
-2.8952603805 1.3055804951 
0.4423270912 1.8776820800 
0.4960935076 -0.3195448692 
-0.1358314637 2.9709890876 
-2.6476605393 -2.5544374201 
0.8445979850 0.5836785620 
-1.6643857922 -1.6812729857 
0.7814589412 2.5410763032 
1.4276310329 -0.2228865024 
-0.3686292131 2.1035186756 
2.7159735112 2.6934649468 
2.3945167677 1.6020820218 
-0.9985846076 0.2204549654 
-1.6851836549 -0.1346926145 
2.6989219569 -0.2029884202 
2.3059068300 2.8036615764 
-1.8974079280 -0.2517660816 
1.6813436536 1.5986855824 
2.4286890493 -1.4544878129 
1.5696746672 2.7810285128 
-1.0089252330 -0.5857273506 
0.3647070720 0.3266889776 
0.7329996637 -1.8538339896 
-0.1322347220 -0.8393693063 
0.9232795080 2.4991360649 
-1.7358506335 0.6392530164 
2.1926010089 -2.3413338686 
-0.7586649618 -1.8059836015 
0.8791210995 0.5561513833 
1.0593237840 0.5780430537 
-2.6468370397 0.3652306112 
0.3817046272 -1.5442449677 
-2.8865354703 -0.9369517220 
-2.9455593880 2.5421535790 
0.6085604651 1.6241152820 
2.3231820889 2.5996352348 
-1.9616120714 -0.3121108419 
-0.0736757904 1.7713875951 
0.8340551685 2.7940894877 
-2.0679817139 -1.2426653235 
2.2932255498 -0.8038323446 
2.3965876929 1.4858265559 
-0.1451662132 -1.3620772717 
2.6798429544 -2.2660451165 
2.1940741116 0.7391667383 
1.3119979372 2.5472370719 
-1.8956026532 -1.3062974384 
-1.9970078957 -1.7821381235 
0.7567508396 -1.9425672837 
-2.2399845446 -1.6346886953 
2.6815479983 -2.9168024584 
-2.0350534632 -2.2800640731 
-0.2289132975 0.8912707464 
2.4913235221 -2.3948581318 
0.6853602313 -2.5766581947 
-0.6375234554 -0.0214142217 
-0.3804905393 -1.2409357625 
-1.5355876687 2.4743432503 
0.3969869657 -1.8557447171 
-2.7917018690 -0.4089389226 
1.8834220212 1.5202960710 
-0.8617018535 2.9878193708 
-2.7860013702 0.1412902508 
-1.7943187555 0.9707494723 
1.1987229698 -1.0343033001 
2.3360607770 0.8802709653 
-0.9511057557 -2.6989926890 
1.6002068923 1.8199809468 
1.1922780574 1.0915304115 
2.4251228149 -1.1223617141 
1.5148722197 -1.2124006405 
1.8562240642 -1.8656183224 
0.5466635970 -2.6793636073 
-2.3912750750 -2.0563494400 
-1.5351083244 -2.1829769412 
0.5347116373 -2.6516863032 
2.3373191298 2.6730097866 
-2.6638669351 2.5513177596 
-0.1856999654 -1.4581856907 
0.5220672290 -1.9869769984 
0.5075110120 -0.1418719968 
1.8932939697 2.5564052563 
0.1591353142 0.4935008592 
1.3763862003 -1.6485866311 
-1.4149687292 0.8015090124 
0.2290516548 -2.9000965124 
2.5891083719 -0.9147242838 
-1.7657148348 0.1357719661 
-0.5940878911 -1.1569899070 
1.0794225289 0.8708037873 
-0.3399668482 -1.3858658366 
1.2191174842 -1.0026477212 
-1.7128560528 1.5552505490 
-1.4513299644 1.1014439846 
-2.9029351444 2.0707372674 
2.1144669862 0.6045758676 
-1.0711347321 1.0077609532 
0.1609811211 2.0880005849 
-1.4987381876 -1.4626326815 
-2.5605860490 0.0862930832 
2.3388763337 0.6684656086 
0.1861965708 1.9279847028 
2.7537413248 1.4204817360 
-0.9362433310 -0.8403465663 
-2.7365081737 -2.8568208049 
-2.9695427818 -0.0764750219 
-1.2426866415 1.2495747023 
1.9208772569 0.0444573085 
-0.1951747514 -2.5304527076 
-1.8540987097 -0.0981098959 
2.5402845598 -2.7396317263 
-2.4935340283 -1.5308501751 
1.2681292297 0.6674470928 
-2.4428495930 2.7693910421 
2.2048144141 -2.0034356392 
-0.1443158775 1.5436907450 
1.6650299694 -2.9581193095 
0.4716754451 1.4187712913 
1.4623624265 2.5354321140 
-2.4215752778 1.7258542556 
2.6786113091 -2.3911180596 
-1.3506207691 -1.5640753324 
1.8584566428 -2.4297435123 
1.4803819761 -1.3367181115 
-1.9601962198 2.6262832664 
1.5651719955 -2.4199116628 
2.8866515401 2.0716379672 
-0.9507618379 1.1547807670 
-0.2609149428 -0.3936114280 
0.9241718063 -1.0561005315 
0.6029529328 -2.2201440740 
-2.5124097893 -0.7320171007 
-2.1782633835 0.9592656586 
-2.3132458121 2.2840990458 
0.4946977699 -1.7348210871 
1.0099532986 0.1733090790 
-1.1259391467 2.6593325295 
1.6092337466 -2.2674825039 
-2.7704109856 0.0896157199 
-0.6042006154 -1.7306072054 
-0.2841010165 -2.0390286227 
-1.1505188682 -0.3974494792 
-2.9673906583 0.8987192967 
-2.2426687122 -0.2283055984 
-2.4948921341 1.6815030941 
1.7155938701 1.1080607987 
2.4613590229 2.2031840837 
-2.6239563048 -2.7169043635 
0.1624497395 -1.9372021169 
2.5671946823 -2.3428524934 
-0.6720232040 0.5771479782 
0.8304565855 1.2020376521 
0.2364805076 -0.5603096707 
1.9345551482 0.4660695221 
2.5293060492 -1.6696454699 
1.7354623194 -0.7547949700 
-0.7086740898 -2.4150565515 
1.8477555536 -0.6760647482 
1.4836627452 2.6050868414 
2.0956296535 1.9887706111 
1.2865899328 0.8112235236 
0.0968314070 0.7479489528 
0.0144076045 0.4728751022 
1.0310445922 -2.8231426588 
1.5356729881 0.5982392717 
-2.1659951523 -2.1363502187 
-1.8246127501 1.6644614361 
2.0656874334 1.4118677575 
-1.8958482374 1.0002425788 
-1.1220627232 -2.3665421882 
2.3305971116 -2.3866004066 
-0.1213371582 -1.3780769810 
-1.8016569553 -1.2735816074 
0.9458582708 2.6820057899 
-1.6684947688 0.0414879243 
1.6707764010 2.6180951668 
-2.1472885549 -1.2323921948 
0.3660441168 0.8671190496 
2.2404829102 -1.6029112938 
1.0439763908 0.7761558954 
1.9953279807 1.8779812385 
1.6398056767 -2.8292847722 
0.5424426717 0.7054931101 
1.5825829853 1.6465944371 
-1.2942643139 -2.5394797407 
2.2800522490 -1.9636672051 
-1.9260801444 -0.8412849120 
-0.3417441861 -0.7277370997 
0.8851334834 -2.3958859152 
-1.0457313126 2.2166387146 
0.6456020091 -2.3749549144 
1.8347338787 1.4983134542 
-0.6073471064 -0.7992220045 
-0.6345674990 -1.3668641990 
0.5978667017 -2.5905911110 
2.4092916965 -0.4068053204 
2.2873901274 1.0490973704 
-0.2360900926 -0.1701672008 
-1.2454095223 -1.6535071100 
-1.5235727665 0.4603261666 
-1.1929868479 -2.2435205203 
1.4966589615 -0.1190669924 
-0.0848054323 -1.8450852245 
2.1531959079 -2.1996719517 
-1.2409711397 -1.8925354075 
-2.9830332370 2.4046308693 
-1.2674903191 1.8517006416 
0.9029443208 1.1251625745 
-1.9475213657 -2.7316231810 
2.7582983755 1.6503453388 
-2.3222142920 2.1675900692 
-1.7564599843 2.9651758354 
0.2166874368 1.0074499259 
-0.2049913682 1.9712779173 
2.3539428158 1.2714358653 
-0.5683959190 -1.8390440349 
2.0279153451 -2.0717369602 
1.0418889728 -1.0568900872 
-0.9168221848 0.1950848779 
-0.2565620389 0.8422066755 
1.3025494732 -0.2395952759 
0.2468375420 -2.9649408487 
-1.3878946343 -1.8502181400 
1.1602217258 -0.3354160000 
-1.5818413210 0.9185200985 
-1.6850706640 -0.9040556130 
0.0861101649 -0.4415306456 
-0.9388797776 -2.6972024011 
-2.4340807225 1.8561288541 
2.2740755162 2.9198620934 
0.1275647195 -1.2943204056 
-1.9191819415 -0.8445199383 
-0.3660573630 2.1227070313 
1.0985899745 1.7171204522 
-0.6822080909 -2.1579720644 
-0.4406728723 -2.3796586205 
0.6024326596 2.8061646697 
-2.3445994693 2.2145380253 
-2.0440534703 1.8156222565 
-1.1208779747 -0.6258947913 
-0.2658576478 0.1940513613 
1.4700495985 2.8202525172 
2.7525207157 -2.4688301820 
-2.8769498867 -2.6815600096 
2.3872986722 2.3971256322 
-2.7616979162 -0.4851366111 
-1.8971947762 -1.6808798577 
1.6703434534 0.7367478608 
-2.5581728292 -0.2310665749 
-0.5461316870 -0.2403809201 
0.6109613607 2.0131954406 
0.3799604594 -1.7866059797 
1.8193601076 1.0353609901 
-2.5720679572 2.7753066373 
-0.1490167562 -0.6929459319 
-0.8505881540 2.5851255961 
2.5011054322 -2.3805385583 
2.4053781104 2.2536261451 
-1.8493687403 2.5284282265 
2.5720661383 -2.4620700709 
1.9255538559 2.8103682221 
0.0527933208 -2.9716409230 
-1.8705116384 -1.2768632287 
0.7651069405 -1.4286844676 
1.4920701964 -2.7810247493 
1.3309346150 -0.8969684429 
2.2321706914 -1.2891049284 
0.3164255774 1.0515307961 
2.7462560645 0.7443576202 
0.8268374334 -0.4027606945 
-2.9485883116 2.9762492794 
-0.8176350984 2.5525171205 
-2.4042892816 -1.4122569908 
1.8061432628 -1.2536580219 
-1.8838287671 1.3782093983 
-0.7157280928 -2.9582749139 
1.1885776176 2.3370652280 
-2.9299158342 2.3180659792 
-1.9397980035 0.8351911063 
-2.1106184884 2.5522721957 
1.0541663571 2.2203161266 
-1.3446962500 0.2863370456 
-2.0687888046 1.9717293274 
-1.6621321610 -2.3225327429 
-0.2839130551 2.1647052724 
0.2747065654 -0.2325013667 
2.1409545490 2.4570714670 
-0.6799842490 2.7366652674 
-1.9551855265 -1.8738409862 
-1.5169927573 -0.8390142908 
2.5043684121 0.7672791527 
-0.7972892047 0.6929460297 
0.1043443778 -0.7272050389 
0.0110120061 1.1645463771 
-2.8920139353 0.9003935176 
0.7168185700 1.1621524217 
0.1207096414 2.3721223201 
-1.5515105354 1.0519208396 
1.3438516447 -0.2136426937 
1.7293880967 -1.9400614132 
-1.0489374241 -0.9959053406 
0.8274372229 -1.9079828751 
-1.5388338764 -2.8525470290 
-2.1713176105 -0.4940194001 
-1.7263880152 -0.6883103650 
1.6669663092 -2.2220196031 
-2.9210312152 -2.1303228983 
1.4709264266 0.1833131626 
0.1424720656 -1.5180615701 
-1.6521404631 0.2504581303 
2.3823319503 2.0646781070 
-1.5873894480 -0.4969584111 
1.4368004242 -0.1388999834 
-2.4450375742 -0.2193479339 
2.6474573229 2.2843505253 
0.8405906557 -1.4014801012 
-1.7115548182 -1.3319721242 
-0.3094629763 -0.2503886918 
-1.1845191532 0.5192194132 
2.2555919081 0.0890928344 
2.8309090481 0.9225582145 
0.8670732313 2.9098778329 
1.7922353161 -0.6620003449 
0.0931909956 -1.0652926211 
0.8199380850 1.4410505325 
2.1851655120 0.2022700325 
0.5057286394 -2.4022239388 
2.7053116242 -1.0574709391 
0.4588760778 -2.7397259528 
1.7231811298 0.1063334006 
2.5446245724 -0.4362282173 
1.7048532994 -2.1669302458 
1.2317996585 -1.6046096797 
0.5826810624 -2.9527194975 
1.9146097335 -0.1617270322 
0.1363733370 1.7455187816 
-2.2391688205 -1.9965534345 
1.6553966117 2.5530664956 
0.3414462206 -1.2514123955 
-1.5122261255 -1.8386156945 
-2.8103618630 -2.3270606163 
1.3636543380 0.6953667764 
-1.7292845551 1.0689659594 
2.6378958373 1.7295915227 
1.3292400093 1.3610769642 
-1.1640750795 0.8738645790 
-2.0751512559 -2.4592217828 
1.7069343332 2.1566484026 
-1.0638314626 -0.7103846072 
2.2039289080 -2.1492217291 
2.1278883606 -0.6596977579 
2.5962970525 2.8887195400 
0.3437488104 1.2516936614 
2.4417860356 -2.3148049718 
-2.9997187341 -2.0704400926 
-1.1534206663 -2.8100805971 
-1.3975007089 -2.7897663283 
0.8852861793 -0.1267852639 
1.2791996311 0.5231820138 
-1.3971937440 -0.3915603624 
-1.1157410220 0.4387311793 
-2.5176957834 -0.1908922778 
0.9795093965 2.1892385498 
-1.0342438752 2.9156779367 
-1.5211460574 -1.8303149700 
-2.2335437952 -2.3932576996 
0.5099872721 -2.6372467455 
-2.5045381596 -2.1462639203 
1.6144469160 2.9372478760 
-1.4610688893 1.6147281819 
-2.1331922194 0.3855104444 
1.8046475848 -0.5306929283 
0.5957441160 -0.3100662387 
2.3425218078 -1.1250562529 
-2.7868842249 -2.0546719390 
1.4833833848 -0.9026252469 
1.3840592403 1.9656876013 
1.9064824753 -0.6364313632 
1.1549261511 -2.1277614027 
-0.7207534293 2.6337800937 
-0.9580763727 0.0457027755 
-2.7594776087 2.5519109022 
0.4084560300 -2.2640157683 
-2.5943530209 -0.9770970568 
-2.3267678951 -1.0554219103 
-2.3623688749 -1.4599601144 
2.3300885369 2.4422787099 
1.0093469573 -0.0741673499 
-0.8677875287 0.3518687623 
1.8007763973 -0.6546717536 
1.2971968261 0.2841597820 
1.4427029995 -0.3187439364 
-0.7501526194 0.3491854721 
2.0448247004 -2.5952264711 
1.2214240722 -1.6759287318 
-2.9614463802 -2.7366523034 
1.3697740437 -2.7209239862 
2.8152585988 -1.2217699290 
-1.9849397545 -2.7790944221 
0.8011330170 -1.3117076467 
-0.8345163324 1.4387641421 
0.2283322388 -1.5044277983 
0.8810428492 -1.7623208038 
1.4214048546 -2.9867446823 
1.5895479585 0.2221812490 
-0.6414164359 -0.1132552182 
-2.4936589717 -2.1987134391 
2.5680008482 -0.2438115884 
1.1504720357 1.6128255458 
0.1609619405 -0.6281038949 
2.9368968168 0.1995155631 
-0.3647561983 1.3066708577 
0.4785915769 -0.5494975995 
-2.9150990713 1.4936518224 
-0.3285920216 0.8860339457 
-2.8180558271 1.8368916460 
-0.6752019151 0.4102764146 
-2.6675361524 -2.7941590686 
1.6479556107 1.7538687022 
-2.7809037481 0.2375035664 
-1.0239500515 -0.4223201840 
-2.8757516518 -0.5176090205 
0.3789663796 2.6922491964 
2.2385793911 -1.4705615875 
1.3050747394 -0.6004586712 
0.9013345176 1.2419715534 
2.5990568919 -2.4634216835 
-0.4513575888 0.0776484660 
-0.0129192830 -0.3664566601 
-1.4286997115 2.6584886954 
-2.4804227173 -1.2467555386 
1.4953803413 -0.1556246323 
2.1635208759 1.8278441889 
0.0502162990 0.8114764839 
0.5817128884 0.2693125509 
-1.9510199497 2.5577628368 
2.8469923697 -1.8267716015 
-0.9598461864 0.2259587465 
-2.1345224078 -1.7212667981 
1.7553971590 2.1705523316 
0.6782745336 -0.3432683262 
0.4125238850 0.2773314227 
0.1933099903 2.9611662961 
-2.6450201113 -2.8196092927 
-0.4052903668 -1.0737198228 
2.8388794027 0.1142869159 
0.6795246385 1.3342597412 
2.9586622836 -0.1569544855 
0.1621039273 0.0088785798 
-2.3454780045 -2.2561831871 
-2.7218088693 -1.2964979542 
-2.6984203503 -2.8748165024 
-0.1232695557 -0.6582665367 
0.3511422441 0.7422080365 
0.6204666680 -0.8934605997 
-0.0872396320 -1.7012588013 
1.7632710742 -2.6747157498 
1.5760726214 -1.0434189383 
-2.7135494564 1.9310525101 
-0.8630282310 -0.1188398232 
-2.1426673155 -1.0241488284 
2.9954470927 1.5368573258 
-2.6898890900 2.9541093735 
-1.6200971625 0.4722148401 
-0.0370120495 -0.9655751670 
1.2160316530 0.2411790813 
0.7379268816 1.5176113027 
0.3663625789 -2.3853426768 
-2.1406552341 -2.2824951798 
1.3568653624 1.4798114339 
-0.1759557795 -1.7303742723 
2.7785526327 -1.4126847081 
-1.4050900221 1.3546252513 
0.5438963564 -1.1186394785 
0.2856777614 2.6808681254 
1.7625206983 1.1430104459 
-1.3432807058 1.7579677881 
-0.3201322310 -1.0331697930 
1.7120771588 1.0597706065 
2.4390450471 -1.3249348934 
-2.9058045605 0.6550766973 
1.9162441906 0.8321223212 
-0.8273120000 -0.7173932333 
1.4467796443 0.0320327659 
0.0001115897 -0.1963549960 
-1.4881558029 2.8241558102 
1.0732707316 -1.7096031731 
-1.5885288979 2.6681807096 
2.6450220783 1.9553674585 
-1.4504587718 -0.0693001631 
1.6362355811 -2.6879380763 
-1.9262897172 -2.7070451247 
2.0700297118 0.7535780518 
-0.7402149177 0.7821068679 
-1.1866513417 -1.3011698734 
2.4571719772 -1.0924559022 
2.3539068240 1.3734161651 
2.7396664190 -1.4734051789 
-2.3439770710 1.1864460605 
1.5586275871 0.6561345186 
-2.0099089355 -2.9295282187 
0.4802903288 2.0633617961 
-1.6391313917 1.8917614310 
1.7315425057 -1.9941093135 
0.8471288867 -2.7189162689 
0.9365905234 -0.5166355351 
-2.4068543424 2.0103008063 
-0.2236806598 2.6631753695 
-0.2361211419 2.0361044225 
0.4452822373 1.5772275164 
-2.2650654536 -0.0975457882 
-2.5152283886 -2.9111586297 
-1.7241296259 -2.7755619724 
-1.3845638085 -1.0681066970 
1.4108840881 -2.8259362214 
2.5880278245 2.4009751526 
-2.7554644401 0.0683181505 
1.4643369487 -1.3945958290 
-1.0399204213 0.1958794516 
-0.3887051425 2.8072084653 
0.4769631827 -2.4521146219 
-0.7094270725 1.0701088403 
2.5581861872 2.0668922705 
0.7332842097 -0.6779349575 
1.1029966902 -1.8214335557 
-2.1007074439 1.8379312394 
1.0810206561 -1.6159358325 
1.9267726098 2.3568910301 
-1.3914978050 -2.4577912015 
-1.7112156696 -2.9806137197 
-2.2837274230 -2.1231878480 
2.4203614357 -2.0391918603 
0.9451303025 0.8846983816 
-0.4337876893 2.9052098812 
-1.9194221696 2.1775071682 
2.7124183437 1.5575410130 
2.7253925464 -0.9970087288 
-0.3723501467 2.2835787308 
-1.9301164611 -2.6390659398 
-1.3943562295 2.1728802292 
-1.4604994955 -0.4950636735 
1.0108114658 2.6205211606 
0.8890004940 -0.0624159272 
1.9774121879 2.4975026890 
0.4797928741 -2.7338034845 
2.5168889721 1.1960654511 
-1.8569913296 1.9372504051 
2.1568735909 2.0881389729 
-0.1780512161 -1.2769141012 
1.9933488541 0.9025266142 
-2.0994069358 1.7057671951 
-0.5399323756 -2.3740143894 
-2.2912415365 2.0877174777 
2.9095643414 -1.2213579976 
2.4486515380 -1.4847918881 
-2.0484777685 -2.0118479603 
1.0201444384 1.9623336973 
-2.3913268025 -1.0908550676 
-1.1000822299 2.5860853855 
-1.5933523814 2.3797106442 
2.8522819038 -2.0764634121 
0.5757760925 -2.0047094286 
2.8607869930 -0.2673503166 
-2.9165704585 -0.3172642259 
1.4557355821 2.0767783956 
-2.4147376145 2.3563286491 
0.7825455907 0.0453300127 
2.9823142597 1.4913040542 
-0.8669525124 2.8918785983 
-2.7300539435 -1.4183009744 
-1.5929132926 -1.7785317119 
-0.4301489347 2.4272311485 
-2.8161980174 0.1785242656 
-1.6636239219 -0.9162802472 
-0.2353903517 -0.2569763033 
-1.5365696058 -0.3831084507 
0.6665602874 2.0392064895 
0.6121821206 0.5273472776 
-1.2281438300 0.6956116649 
-2.7899169483 -2.7724082506 
-0.2276099423 -2.2046545628 
2.5839203985 -2.4450643544 
0.8406754499 2.5662346555 
2.0462397025 2.9737229403 
2.4581132538 2.3161857591 
-1.4445780369 -2.1348000416 
-2.4623459556 1.1252730284 
-2.7075688959 -2.2785439730 
-1.6962027087 -1.3711928177 
-0.1948242174 1.0684069423 
1.3718308817 1.2686061767 
-2.3147015112 -0.9616088336 
0.3078126634 1.2974806122 
2.5657384440 2.0796688334 
-1.0069077257 2.7758214957 
2.3072605856 1.7654823320 
-2.4288330672 1.8911809814 
2.3204179803 1.4118423827 
1.4574156368 1.3666576801 
1.3855653202 0.9155288878 
0.6828434363 2.9409872833 
1.7807288462 1.2204974807 
1.0662603118 2.0731599531 
1.9419535077 2.3700576031 
-2.2980328674 -1.2528707125 
0.4384645426 2.0737980144 
-2.9842645358 1.1237630342 
-1.8878108221 0.3235481276 
-0.5787563564 -2.3220723780 
-0.5967830390 1.4143359179 
-2.5462508851 -1.2895224561 
0.1798182471 -1.9750839523 
-2.3983414776 -0.4997637754 
2.4367584332 2.0590741593 
-2.1331060981 0.8223237506 
-0.0253969557 1.5497373382 
0.7633110340 -1.2446681095 
-0.2297651839 -1.1704286571 
-2.1715081591 -1.2878116762 
-1.8003710568 -1.4695410265 
0.4593176113 1.6380934886 
-2.3957430121 0.4750530755 
-0.2381434800 -1.2835538342 
-2.2013987970 2.1831001636 
-0.6056262122 0.2018181641 
0.5974360786 -0.1518770946 
1.9122957079 -2.2227456771 
0.8730389531 2.5139542304 
0.2774905503 0.3097973835 
1.5730283896 1.1443844522 
-1.8678788659 -1.4523685688 
-0.3058782096 1.8954321681 
0.3029633217 2.4643566066 
-2.2749964917 1.1314551626 
-1.8234550724 -1.0753675485 
2.6619141389 1.6358625417 
-2.4372740627 -2.7338288760 
-0.8890843857 0.3245824572 
-1.0173827102 -0.0904831826 
-0.4923173820 1.3769910803 
-2.8886650213 -2.8948813062 
-1.7748860171 2.0236306866 
-2.1176269805 2.0981529360 
1.5375849169 1.1598635698 
-0.5920496805 0.1106133038 
-0.6957519807 0.5400714537 
1.6582447349 1.9983698097 
-0.5644963810 -1.0387919434 
1.4627264163 0.1605071273 
-2.9073367836 2.6392713439 
2.0851395787 2.7545773553 
1.2751338828 2.6478655188 
-2.9792515235 -2.6139505029 
-0.0275520268 -0.9966342309 
0.2955663145 2.4801305940 
-2.6196431534 0.4069012960 
2.5852492878 -1.3945291705 
-0.5694680203 -2.5323776954 
-2.2963762373 -2.0318831061 
1.6274858744 0.1115740822 
1.0787301977 -2.0682661063 
-2.3483544669 -0.2630250674 
2.9301037034 0.0871491521 
1.6981829892 1.3928301169 
-2.7523437234 1.7908462057 
1.0321014607 2.3327958581 
1.5454235610 -0.6927646593 
1.9806613740 1.5661720375 
-0.3067151621 -1.0468906556 
-2.4304621962 2.9888511551 
-1.5667600644 -2.0501053496 
0.3957524483 -1.9815107766 
-0.4446345202 2.8262844280 
-1.5138884720 0.2589892453 
-2.2055986781 -2.8864025976 
-2.6294366753 1.8731315196 
-1.9546687039 -1.9777911394 
-1.3898935506 -2.0245650034 
1.1093580127 -2.6917105642 
2.3682651163 1.3570142921 
2.0991356443 0.4003665742 
0.6898101474 0.6445592026 
2.7076019150 -0.3295284814 
-0.7892687627 -0.5991132472 
1.6235808631 -0.2197309561 
-0.6102620948 -2.9431792013 
0.7301636942 2.7854903535 
-1.9246899779 -2.7144708260 
2.6117747787 -0.4385784499 
0.5445184193 -2.5938239021 
-0.3249810475 0.9150817440 
2.2793076203 0.7203502486 
1.9372906047 -2.1105859331 
1.6957852480 0.0466486174 
-1.8022964945 1.0640503615 
-1.5963370933 -2.7031608530 
-1.5355830670 2.0934730540 
0.9413983496 -1.8279811548 
-1.2360554301 -2.8478704159 
0.5729055980 -2.6124745699 
-0.0676013721 2.9626435032 
-2.5556537712 -2.3374376778 
2.7481338539 -1.4803437490 
-2.0519085038 2.3599086326 
1.0810778039 1.4926099156 
2.7660847305 -2.2439032464 
-0.5923083432 2.0453923480 
1.4764470050 -1.6550177385 
2.9348064176 0.1722322503 
1.3916308789 -1.8674900797 
-1.7637173910 2.7952937855 
-1.5706509326 -0.2993004580 
1.8887668368 2.3707474169 
0.8727183872 -2.3472885961 
2.5228770010 -1.5543760148 
-1.9597631660 -0.5447243711 
-1.5917325144 -1.5154169344 
0.1178379511 -1.8435986605 
0.0042393166 1.0659294473 
