3721 1

0.0000001125 
0.0000002455 
0.0000005145 
0.0000010361 
0.0000020047 
0.0000037267 
0.0000066559 
0.0000114216 
0.0000188311 
0.0000298299 
0.0000453999 
0.0000663876 
0.0000932711 
0.0001259028 
0.0001632872 
0.0002034684 
0.0002435959 
0.0002802019 
0.0003096710 
0.0003288200 
0.0003354626 
0.0003288200 
0.0003096710 
0.0002802019 
0.0002435959 
0.0002034684 
0.0001632872 
0.0001259028 
0.0000932711 
0.0000663876 
0.0000453999 
0.0000298299 
0.0000188311 
0.0000114216 
0.0000066559 
0.0000037267 
0.0000020047 
0.0000010361 
0.0000005145 
0.0000002455 
0.0000001125 
0.0000000496 
0.0000000210 
0.0000000085 
0.0000000033 
0.0000000013 
0.0000000005 
0.0000000002 
0.0000000001 
0.0000000000 
0.0000000000 
0.0000000000 
0.0000000000 
0.0000000000 
0.0000000000 
0.0000000000 
0.0000000000 
0.0000000000 
0.0000000000 
0.0000000000 
0.0000000000 
0.0000002455 
0.0000005355 
0.0000011224 
0.0000022603 
0.0000043733 
0.0000081296 
0.0000145198 
0.0000249160 
0.0000410796 
0.0000650731 
0.0000990387 
0.0001448227 
0.0002034684 
0.0002746536 
0.0003562065 
0.0004438606 
0.0005313976 
0.0006112528 
0.0006755388 
0.0007173118 
0.0007318024 
0.0007173118 
0.0006755388 
0.0006112528 
0.0005313976 
0.0004438606 
0.0003562065 
0.0002746536 
0.0002034684 
0.0001448227 
0.0000990387 
0.0000650731 
0.0000410796 
0.0000249160 
0.0000145198 
0.0000081296 
0.0000043733 
0.0000022603 
0.0000011224 
0.0000005355 
0.0000002455 
0.0000001081 
0.0000000458 
0.0000000186 
0.0000000073 
0.0000000027 
0.0000000010 
0.0000000003 
0.0000000001 
0.0000000000 
0.0000000000 
0.0000000000 
0.0000000000 
0.0000000000 
0.0000000000 
0.0000000000 
0.0000000000 
0.0000000000 
0.0000000000 
-0.0000000000 
-0.0000000000 
0.0000005145 
0.0000011224 
0.0000023526 
0.0000047375 
0.0000091661 
0.0000170391 
0.0000304325 
0.0000522223 
0.0000861001 
0.0001363889 
0.0002075787 
0.0003035391 
0.0004264566 
0.0005756562 
0.0007465858 
0.0009303032 
0.0011137751 
0.0012811464 
0.0014158857 
0.0015034392 
0.0015338107 
0.0015034392 
0.0014158857 
0.0012811464 
0.0011137751 
0.0009303032 
0.0007465858 
0.0005756562 
0.0004264566 
0.0003035391 
0.0002075787 
0.0001363889 
0.0000861001 
0.0000522223 
0.0000304325 
0.0000170391 
0.0000091661 
0.0000047375 
0.0000023526 
0.0000011224 
0.0000005145 
0.0000002266 
0.0000000959 
0.0000000390 
0.0000000152 
0.0000000057 
0.0000000021 
0.0000000007 
0.0000000002 
0.0000000001 
0.0000000000 
0.0000000000 
0.0000000000 
0.0000000000 
0.0000000000 
0.0000000000 
0.0000000000 
0.0000000000 
0.0000000000 
-0.0000000000 
-0.0000000000 
0.0000010361 
0.0000022603 
0.0000047375 
0.0000095402 
0.0000184582 
0.0000343125 
0.0000612835 
0.0001051629 
0.0001733843 
0.0002746536 
0.0004180122 
0.0006112528 
0.0008587781 
0.0011592292 
0.0015034392 
0.0018734006 
0.0022428677 
0.0025799120 
0.0028512437 
0.0030275547 
0.0030887154 
0.0030275547 
0.0028512437 
0.0025799120 
0.0022428677 
0.0018734006 
0.0015034392 
0.0011592292 
0.0008587781 
0.0006112528 
0.0004180122 
0.0002746536 
0.0001733843 
0.0001051629 
0.0000612835 
0.0000343125 
0.0000184582 
0.0000095402 
0.0000047375 
0.0000022603 
0.0000010361 
0.0000004564 
0.0000001931 
0.0000000785 
0.0000000307 
0.0000000115 
0.0000000042 
0.0000000014 
0.0000000005 
0.0000000002 
0.0000000000 
0.0000000000 
0.0000000000 
0.0000000000 
0.0000000000 
0.0000000000 
0.0000000000 
0.0000000000 
-0.0000000000 
-0.0000000000 
-0.0000000000 
0.0000020047 
0.0000043733 
0.0000091661 
0.0000184582 
0.0000357128 
0.0000663876 
0.0001185708 
0.0002034684 
0.0003354626 
0.0005313976 
0.0008087668 
0.0011826472 
0.0016615573 
0.0022428677 
0.0029088426 
0.0036246411 
0.0043394833 
0.0049915939 
0.0055165644 
0.0058576897 
0.0059760229 
0.0058576897 
0.0055165644 
0.0049915939 
0.0043394833 
0.0036246411 
0.0029088426 
0.0022428677 
0.0016615573 
0.0011826472 
0.0008087668 
0.0005313976 
0.0003354626 
0.0002034684 
0.0001185708 
0.0000663876 
0.0000357128 
0.0000184582 
0.0000091661 
0.0000043733 
0.0000020047 
0.0000008829 
0.0000003736 
0.0000001519 
0.0000000593 
0.0000000223 
0.0000000080 
0.0000000028 
0.0000000009 
0.0000000003 
0.0000000001 
0.0000000000 
0.0000000000 
0.0000000000 
0.0000000000 
0.0000000000 
-0.0000000000 
-0.0000000000 
-0.0000000000 
-0.0000000000 
-0.0000000000 
0.0000037267 
0.0000081296 
0.0000170391 
0.0000343125 
0.0000663876 
0.0001234098 
0.0002204147 
0.0003782331 
0.0006236009 
0.0009878299 
0.0015034392 
0.0021984560 
0.0030887154 
0.0041693297 
0.0054073291 
0.0067379470 
0.0080667871 
0.0092790139 
0.0102548963 
0.0108890237 
0.0111089965 
0.0108890237 
0.0102548963 
0.0092790139 
0.0080667871 
0.0067379470 
0.0054073291 
0.0041693297 
0.0030887154 
0.0021984560 
0.0015034392 
0.0009878299 
0.0006236009 
0.0003782330 
0.0002204146 
0.0001234098 
0.0000663876 
0.0000343125 
0.0000170391 
0.0000081296 
0.0000037266 
0.0000016413 
0.0000006945 
0.0000002824 
0.0000001103 
0.0000000414 
0.0000000149 
0.0000000052 
0.0000000017 
0.0000000005 
0.0000000002 
0.0000000000 
0.0000000000 
0.0000000000 
0.0000000000 
0.0000000000 
-0.0000000000 
-0.0000000000 
-0.0000000000 
-0.0000000000 
-0.0000000000 
0.0000066559 
0.0000145198 
0.0000304325 
0.0000612835 
0.0001185708 
0.0002204147 
0.0003936690 
0.0006755388 
0.0011137751 
0.0017643022 
0.0026852002 
0.0039265268 
0.0055165644 
0.0074465831 
0.0096576976 
0.0120342323 
0.0144075918 
0.0165726754 
0.0183156389 
0.0194482147 
0.0198410947 
0.0194482147 
0.0183156389 
0.0165726754 
0.0144075918 
0.0120342323 
0.0096576976 
0.0074465831 
0.0055165644 
0.0039265268 
0.0026852002 
0.0017643022 
0.0011137751 
0.0006755387 
0.0003936690 
0.0002204146 
0.0001185708 
0.0000612834 
0.0000304324 
0.0000145197 
0.0000066559 
0.0000029314 
0.0000012404 
0.0000005043 
0.0000001969 
0.0000000739 
0.0000000266 
0.0000000092 
0.0000000030 
0.0000000010 
0.0000000003 
0.0000000001 
0.0000000000 
0.0000000000 
-0.0000000000 
-0.0000000000 
-0.0000000000 
-0.0000000000 
-0.0000000000 
-0.0000000000 
-0.0000000000 
0.0000114216 
0.0000249160 
0.0000522223 
0.0001051629 
0.0002034684 
0.0003782331 
0.0006755388 
0.0011592292 
0.0019112458 
0.0030275547 
0.0046078219 
0.0067379470 
0.0094664624 
0.0127783876 
0.0165726754 
0.0206508252 
0.0247235265 
0.0284388247 
0.0314297620 
0.0333732700 
0.0340474547 
0.0333732700 
0.0314297620 
0.0284388247 
0.0247235265 
0.0206508252 
0.0165726754 
0.0127783876 
0.0094664624 
0.0067379470 
0.0046078219 
0.0030275547 
0.0019112457 
0.0011592290 
0.0006755386 
0.0003782328 
0.0002034681 
0.0001051626 
0.0000522220 
0.0000249157 
0.0000114213 
0.0000050301 
0.0000021284 
0.0000008652 
0.0000003378 
0.0000001267 
0.0000000456 
0.0000000157 
0.0000000052 
0.0000000016 
0.0000000005 
0.0000000001 
0.0000000000 
-0.0000000000 
-0.0000000000 
-0.0000000000 
-0.0000000000 
-0.0000000000 
-0.0000000000 
-0.0000000000 
-0.0000000000 
0.0000188311 
0.0000410796 
0.0000861001 
0.0001733843 
0.0003354626 
0.0006236009 
0.0011137751 
0.0019112458 
0.0031511116 
0.0049915939 
0.0075970140 
0.0111089965 
0.0156075579 
0.0210679995 
0.0273237224 
0.0340474547 
0.0407622040 
0.0468876952 
0.0518189172 
0.0550232201 
0.0561347628 
0.0550232201 
0.0518189172 
0.0468876952 
0.0407622040 
0.0340474547 
0.0273237224 
0.0210679995 
0.0156075578 
0.0111089964 
0.0075970139 
0.0049915937 
0.0031511112 
0.0019112453 
0.0011137745 
0.0006236001 
0.0003354617 
0.0001733832 
0.0000860989 
0.0000410783 
0.0000188298 
0.0000082926 
0.0000035085 
0.0000014258 
0.0000005565 
0.0000002084 
0.0000000748 
0.0000000257 
0.0000000083 
0.0000000025 
0.0000000007 
0.0000000001 
0.0000000000 
-0.0000000000 
-0.0000000000 
-0.0000000000 
-0.0000000000 
-0.0000000000 
-0.0000000000 
-0.0000000000 
-0.0000000000 
0.0000298299 
0.0000650731 
0.0001363889 
0.0002746536 
0.0005313976 
0.0009878299 
0.0017643022 
0.0030275547 
0.0049915939 
0.0079070541 
0.0120342323 
0.0175974724 
0.0247235265 
0.0333732700 
0.0432827979 
0.0539336873 
0.0645703469 
0.0742735782 
0.0820849986 
0.0871608515 
0.0889216175 
0.0871608515 
0.0820849986 
0.0742735782 
0.0645703469 
0.0539336873 
0.0432827978 
0.0333732698 
0.0247235262 
0.0175974720 
0.0120342317 
0.0079070532 
0.0049915927 
0.0030275531 
0.0017643000 
0.0009878272 
0.0005313944 
0.0002746498 
0.0001363848 
0.0000650686 
0.0000298254 
0.0000131336 
0.0000055554 
0.0000022566 
0.0000008797 
0.0000003287 
0.0000001173 
0.0000000397 
0.0000000125 
0.0000000035 
0.0000000007 
-0.0000000000 
-0.0000000001 
-0.0000000001 
-0.0000000001 
-0.0000000000 
-0.0000000000 
-0.0000000000 
-0.0000000000 
-0.0000000000 
-0.0000000000 
0.0000453999 
0.0000990387 
0.0002075787 
0.0004180122 
0.0008087668 
0.0015034392 
0.0026852002 
0.0046078219 
0.0075970140 
0.0120342323 
0.0183156389 
0.0267826765 
0.0376282568 
0.0507928339 
0.0658747544 
0.0820849986 
0.0982735856 
0.1130415306 
0.1249302122 
0.1326554651 
0.1353352832 
0.1326554651 
0.1249302122 
0.1130415306 
0.0982735855 
0.0820849985 
0.0658747541 
0.0507928333 
0.0376282560 
0.0267826751 
0.0183156368 
0.0120342293 
0.0075970098 
0.0046078162 
0.0026851928 
0.0015034300 
0.0008087557 
0.0004179995 
0.0002075646 
0.0000990238 
0.0000453847 
0.0000199806 
0.0000084473 
0.0000034274 
0.0000013328 
0.0000004951 
0.0000001745 
0.0000000573 
0.0000000167 
0.0000000037 
0.0000000000 
-0.0000000007 
-0.0000000007 
-0.0000000005 
-0.0000000003 
-0.0000000002 
-0.0000000001 
-0.0000000000 
-0.0000000000 
-0.0000000000 
-0.0000000000 
0.0000663876 
0.0001448227 
0.0003035391 
0.0006112528 
0.0011826472 
0.0021984560 
0.0039265268 
0.0067379470 
0.0111089965 
0.0175974724 
0.0267826765 
0.0391638951 
0.0550232201 
0.0742735782 
0.0963276382 
0.1200316285 
0.1437039498 
0.1652988882 
0.1826835240 
0.1939800423 
0.1978986991 
0.1939800423 
0.1826835240 
0.1652988881 
0.1437039495 
0.1200316280 
0.0963276372 
0.0742735765 
0.0550232173 
0.0391638907 
0.0267826698 
0.0175974626 
0.0111089828 
0.0067379284 
0.0039265027 
0.0021984259 
0.0011826112 
0.0006112114 
0.0003034934 
0.0001447742 
0.0000663381 
0.0000291906 
0.0000123272 
0.0000049891 
0.0000019290 
0.0000007074 
0.0000002418 
0.0000000735 
0.0000000169 
-0.0000000000 
-0.0000000037 
-0.0000000035 
-0.0000000025 
-0.0000000016 
-0.0000000010 
-0.0000000005 
-0.0000000003 
-0.0000000002 
-0.0000000001 
-0.0000000000 
-0.0000000000 
0.0000932711 
0.0002034684 
0.0004264566 
0.0008587781 
0.0016615573 
0.0030887154 
0.0055165644 
0.0094664624 
0.0156075579 
0.0247235265 
0.0376282568 
0.0550232201 
0.0773047404 
0.1043504848 
0.1353352832 
0.1686381473 
0.2018965180 
0.2322362747 
0.2566607769 
0.2725317930 
0.2780373004 
0.2725317929 
0.2566607767 
0.2322362743 
0.2018965171 
0.1686381455 
0.1353352802 
0.1043504795 
0.0773047317 
0.0550232063 
0.0376282358 
0.0247234958 
0.0156075148 
0.0094664042 
0.0055164890 
0.0030886214 
0.0016614447 
0.0008586486 
0.0004263135 
0.0002033165 
0.0000931161 
0.0000409276 
0.0000172402 
0.0000069381 
0.0000026482 
0.0000009422 
0.0000002982 
0.0000000713 
-0.0000000000 
-0.0000000169 
-0.0000000167 
-0.0000000125 
-0.0000000083 
-0.0000000052 
-0.0000000030 
-0.0000000017 
-0.0000000009 
-0.0000000005 
-0.0000000002 
-0.0000000001 
-0.0000000001 
0.0001259028 
0.0002746536 
0.0005756562 
0.0011592292 
0.0022428677 
0.0041693297 
0.0074465831 
0.0127783876 
0.0210679995 
0.0333732700 
0.0507928339 
0.0742735782 
0.1043504848 
0.1408584209 
0.1826835241 
0.2276376884 
0.2725317930 
0.3134861809 
0.3464558103 
0.3678794411 
0.3753110987 
0.3678794408 
0.3464558096 
0.3134861794 
0.2725317903 
0.2276376832 
0.1826835148 
0.1408584051 
0.1043504586 
0.0742735368 
0.0507927709 
0.0333731778 
0.0210678701 
0.0127782129 
0.0074463565 
0.0041690473 
0.0022425296 
0.0011588403 
0.0005752264 
0.0002741972 
0.0001254373 
0.0000549952 
0.0000230352 
0.0000091513 
0.0000033886 
0.0000011163 
0.0000002777 
0.0000000000 
-0.0000000713 
-0.0000000735 
-0.0000000573 
-0.0000000397 
-0.0000000257 
-0.0000000157 
-0.0000000092 
-0.0000000052 
-0.0000000028 
-0.0000000014 
-0.0000000007 
-0.0000000003 
-0.0000000002 
0.0001632872 
0.0003562065 
0.0007465858 
0.0015034392 
0.0029088426 
0.0054073291 
0.0096576976 
0.0165726754 
0.0273237224 
0.0432827979 
0.0658747544 
0.0963276382 
0.1353352832 
0.1826835241 
0.2369277587 
0.2952301669 
0.3534546819 
0.4065696597 
0.4493289640 
0.4771139153 
0.4867522555 
0.4771139145 
0.4493289621 
0.4065696556 
0.3534546739 
0.2952301520 
0.2369277320 
0.1826834783 
0.1353352078 
0.0963275187 
0.0658745726 
0.0432825320 
0.0273233488 
0.0165721711 
0.0096570435 
0.0054065141 
0.0029078668 
0.0015023167 
0.0007453453 
0.0003548893 
0.0001619434 
0.0000705996 
0.0000291920 
0.0000112505 
0.0000038574 
0.0000009989 
-0.0000000000 
-0.0000002777 
-0.0000002982 
-0.0000002418 
-0.0000001745 
-0.0000001173 
-0.0000000748 
-0.0000000456 
-0.0000000266 
-0.0000000149 
-0.0000000080 
-0.0000000042 
-0.0000000021 
-0.0000000010 
-0.0000000005 
0.0002034684 
0.0004438606 
0.0009303032 
0.0018734006 
0.0036246411 
0.0067379470 
0.0120342323 
0.0206508252 
0.0340474547 
0.0539336873 
0.0820849986 
0.1200316285 
0.1686381473 
0.2276376884 
0.2952301669 
0.3678794412 
0.4404316545 
0.5066169923 
0.5598983663 
0.5945205474 
0.6065306585 
0.5945205452 
0.5598983608 
0.5066169809 
0.4404316322 
0.3678793998 
0.2952300930 
0.2276375615 
0.1686379381 
0.1200312971 
0.0820844943 
0.0539329498 
0.0340464186 
0.0206494265 
0.0120324183 
0.0067356867 
0.0036219350 
0.0018702878 
0.0009268631 
0.0004402077 
0.0001997417 
0.0000859610 
0.0000344811 
0.0000123049 
0.0000033164 
0.0000000000 
-0.0000009989 
-0.0000011163 
-0.0000009422 
-0.0000007074 
-0.0000004951 
-0.0000003287 
-0.0000002084 
-0.0000001267 
-0.0000000739 
-0.0000000414 
-0.0000000223 
-0.0000000115 
-0.0000000057 
-0.0000000027 
-0.0000000013 
0.0002435959 
0.0005313976 
0.0011137751 
0.0022428677 
0.0043394833 
0.0080667871 
0.0144075918 
0.0247235265 
0.0407622040 
0.0645703469 
0.0982735856 
0.1437039498 
0.2018965180 
0.2725317930 
0.3534546819 
0.4404316545 
0.5272924239 
0.6065306595 
0.6703200454 
0.7117703213 
0.7261490337 
0.7117703155 
0.6703200308 
0.6065306290 
0.5272923647 
0.4404315442 
0.3534544849 
0.2725314550 
0.2018959606 
0.1437030668 
0.0982722418 
0.0645683819 
0.0407594432 
0.0247197998 
0.0144027586 
0.0080607646 
0.0043322730 
0.0022345739 
0.0011046091 
0.0005216647 
0.0002336664 
0.0000975544 
0.0000362338 
0.0000101644 
-0.0000000000 
-0.0000033164 
-0.0000038574 
-0.0000033886 
-0.0000026482 
-0.0000019290 
-0.0000013328 
-0.0000008797 
-0.0000005565 
-0.0000003378 
-0.0000001969 
-0.0000001103 
-0.0000000593 
-0.0000000307 
-0.0000000152 
-0.0000000073 
-0.0000000033 
0.0002802019 
0.0006112528 
0.0012811464 
0.0025799120 
0.0049915939 
0.0092790139 
0.0165726754 
0.0284388247 
0.0468876952 
0.0742735782 
0.1130415306 
0.1652988882 
0.2322362747 
0.3134861809 
0.4065696597 
0.5066169923 
0.6065306595 
0.6976763254 
0.7710515842 
0.8187307493 
0.8352702029 
0.8187307345 
0.7710515468 
0.6976762476 
0.6065305078 
0.5066167100 
0.4065691554 
0.3134853154 
0.2322348478 
0.1652966279 
0.1130380905 
0.0742685478 
0.0468806277 
0.0284292846 
0.0165603025 
0.0092635963 
0.0049731357 
0.0025586799 
0.0012576814 
0.0005863368 
0.0002547826 
0.0000984938 
0.0000287573 
0.0000000000 
-0.0000101644 
-0.0000123049 
-0.0000112505 
-0.0000091513 
-0.0000069381 
-0.0000049891 
-0.0000034274 
-0.0000022566 
-0.0000014258 
-0.0000008652 
-0.0000005043 
-0.0000002824 
-0.0000001519 
-0.0000000785 
-0.0000000390 
-0.0000000186 
-0.0000000085 
0.0003096710 
0.0006755388 
0.0014158857 
0.0028512437 
0.0055165644 
0.0102548963 
0.0183156389 
0.0314297620 
0.0518189172 
0.0820849986 
0.1249302122 
0.1826835240 
0.2566607769 
0.3464558103 
0.4493289640 
0.5598983663 
0.6703200454 
0.7710515842 
0.8521437851 
0.9048374088 
0.9231163254 
0.9048373723 
0.8521436931 
0.7710513927 
0.6703196724 
0.5598976720 
0.4493277236 
0.3464536816 
0.2566572673 
0.1826779645 
0.1249217508 
0.0820726257 
0.0518015339 
0.0314062970 
0.0182852064 
0.0102169751 
0.0054711645 
0.0027990213 
0.0013581711 
0.0006142553 
0.0002471495 
0.0000751054 
0.0000000000 
-0.0000287573 
-0.0000362338 
-0.0000344811 
-0.0000291920 
-0.0000230352 
-0.0000172402 
-0.0000123272 
-0.0000084473 
-0.0000055554 
-0.0000035085 
-0.0000021284 
-0.0000012404 
-0.0000006945 
-0.0000003736 
-0.0000001931 
-0.0000000959 
-0.0000000458 
-0.0000000210 
0.0003288200 
0.0007173118 
0.0015034392 
0.0030275547 
0.0058576897 
0.0108890237 
0.0194482147 
0.0333732700 
0.0550232201 
0.0871608515 
0.1326554651 
0.1939800423 
0.2725317930 
0.3678794411 
0.4771139153 
0.5945205474 
0.7117703213 
0.8187307493 
0.9048374088 
0.9607894173 
0.9801986237 
0.9607893310 
0.9048371914 
0.8187302967 
0.7117694398 
0.5945189066 
0.4771109840 
0.3678744107 
0.2725234992 
0.1939669043 
0.1326354695 
0.0871316123 
0.0549821405 
0.0333178184 
0.0193762979 
0.0107994098 
0.0057504024 
0.0029041449 
0.0013670503 
0.0005724890 
0.0001810717 
-0.0000000000 
-0.0000751054 
-0.0000984938 
-0.0000975544 
-0.0000859610 
-0.0000705996 
-0.0000549952 
-0.0000409276 
-0.0000291906 
-0.0000199806 
-0.0000131336 
-0.0000082926 
-0.0000050301 
-0.0000029314 
-0.0000016413 
-0.0000008829 
-0.0000004564 
-0.0000002266 
-0.0000001081 
-0.0000000496 
0.0003354626 
0.0007318024 
0.0015338107 
0.0030887154 
0.0059760229 
0.0111089965 
0.0198410947 
0.0340474547 
0.0561347628 
0.0889216175 
0.1353352832 
0.1978986991 
0.2780373004 
0.3753110987 
0.4867522555 
0.6065306585 
0.7261490337 
0.8352702029 
0.9231163254 
0.9801986237 
0.9999998875 
0.9801984278 
0.9231158319 
0.8352691753 
0.7261470323 
0.6065269331 
0.4867456000 
0.3752996772 
0.2780184693 
0.1978688692 
0.1352898833 
0.0888552298 
0.0560414917 
0.0339215519 
0.0196778076 
0.0109055282 
0.0057324270 
0.0028085135 
0.0012241396 
0.0004029824 
0.0000000000 
-0.0001810717 
-0.0002471495 
-0.0002547826 
-0.0002336664 
-0.0001997417 
-0.0001619434 
-0.0001254373 
-0.0000931161 
-0.0000663381 
-0.0000453847 
-0.0000298254 
-0.0000188298 
-0.0000114213 
-0.0000066559 
-0.0000037266 
-0.0000020047 
-0.0000010361 
-0.0000005145 
-0.0000002455 
-0.0000001125 
0.0003288200 
0.0007173118 
0.0015034392 
0.0030275547 
0.0058576897 
0.0108890237 
0.0194482147 
0.0333732700 
0.0550232201 
0.0871608515 
0.1326554651 
0.1939800423 
0.2725317929 
0.3678794408 
0.4771139145 
0.5945205452 
0.7117703155 
0.8187307345 
0.9048373723 
0.9607893310 
0.9801984278 
0.9607889036 
0.9048362956 
0.8187284927 
0.7117659495 
0.5945124184 
0.4770993958 
0.3678545252 
0.2724907135 
0.1939149692 
0.1325564264 
0.0870160287 
0.0548197517 
0.0330986164 
0.0190920083 
0.0104451631 
0.0053262921 
0.0024163020 
0.0008279004 
-0.0000000000 
-0.0004029824 
-0.0005724890 
-0.0006142553 
-0.0005863368 
-0.0005216647 
-0.0004402077 
-0.0003548893 
-0.0002741972 
-0.0002033165 
-0.0001447742 
-0.0000990238 
-0.0000650686 
-0.0000410783 
-0.0000249157 
-0.0000145197 
-0.0000081296 
-0.0000043733 
-0.0000022603 
-0.0000011224 
-0.0000005355 
-0.0000002455 
0.0003096710 
0.0006755388 
0.0014158857 
0.0028512437 
0.0055165644 
0.0102548963 
0.0183156389 
0.0314297620 
0.0518189172 
0.0820849986 
0.1249302122 
0.1826835240 
0.2566607767 
0.3464558096 
0.4493289621 
0.5598983608 
0.6703200308 
0.7710515468 
0.8521436931 
0.9048371914 
0.9231158319 
0.9048362956 
0.8521414364 
0.7710468483 
0.6703108799 
0.5598813275 
0.4492985316 
0.3464035880 
0.2565746769 
0.1825471351 
0.1247226335 
0.0817814595 
0.0513924606 
0.0308541058 
0.0175690531 
0.0093245931 
0.0044027893 
0.0015700973 
-0.0000000000 
-0.0008279004 
-0.0012241396 
-0.0013670503 
-0.0013581711 
-0.0012576814 
-0.0011046091 
-0.0009268631 
-0.0007453453 
-0.0005752264 
-0.0004263135 
-0.0003034934 
-0.0002075646 
-0.0001363848 
-0.0000860989 
-0.0000522220 
-0.0000304324 
-0.0000170391 
-0.0000091661 
-0.0000047375 
-0.0000023526 
-0.0000011224 
-0.0000005145 
0.0002802019 
0.0006112528 
0.0012811464 
0.0025799120 
0.0049915939 
0.0092790139 
0.0165726754 
0.0284388247 
0.0468876952 
0.0742735782 
0.1130415306 
0.1652988881 
0.2322362743 
0.3134861794 
0.4065696556 
0.5066169809 
0.6065306290 
0.6976762476 
0.7710513927 
0.8187302967 
0.8352691753 
0.8187284927 
0.7710468483 
0.6976667859 
0.6065122015 
0.5065826798 
0.4065083762 
0.3133810180 
0.2320628904 
0.1650242347 
0.1126235185 
0.0736623255 
0.0460289171 
0.0272795955 
0.0150692362 
0.0074056133 
0.0027487262 
-0.0000000000 
-0.0015700973 
-0.0024163020 
-0.0028085135 
-0.0029041449 
-0.0027990213 
-0.0025586799 
-0.0022345739 
-0.0018702878 
-0.0015023167 
-0.0011588403 
-0.0008586486 
-0.0006112114 
-0.0004179995 
-0.0002746498 
-0.0001733832 
-0.0001051626 
-0.0000612834 
-0.0000343125 
-0.0000184582 
-0.0000095402 
-0.0000047375 
-0.0000022603 
-0.0000010361 
0.0002435959 
0.0005313976 
0.0011137751 
0.0022428677 
0.0043394833 
0.0080667871 
0.0144075918 
0.0247235265 
0.0407622040 
0.0645703469 
0.0982735855 
0.1437039495 
0.2018965171 
0.2725317903 
0.3534546739 
0.4404316322 
0.5272923647 
0.6065305078 
0.6703196724 
0.7117694398 
0.7261470323 
0.7117659495 
0.6703108799 
0.6065122015 
0.5272567112 
0.4403652669 
0.3533361111 
0.2723283247 
0.2015610554 
0.1431725522 
0.0974648189 
0.0633876997 
0.0391006467 
0.0224806588 
0.0114987492 
0.0044421460 
-0.0000000000 
-0.0027487262 
-0.0044027893 
-0.0053262921 
-0.0057324270 
-0.0057504024 
-0.0054711645 
-0.0049731357 
-0.0043322730 
-0.0036219350 
-0.0029078668 
-0.0022425296 
-0.0016614447 
-0.0011826112 
-0.0008087557 
-0.0005313944 
-0.0003354617 
-0.0002034681 
-0.0001185708 
-0.0000663876 
-0.0000357128 
-0.0000184582 
-0.0000091661 
-0.0000043733 
-0.0000020047 
0.0002034684 
0.0004438606 
0.0009303032 
0.0018734006 
0.0036246411 
0.0067379470 
0.0120342323 
0.0206508252 
0.0340474547 
0.0539336873 
0.0820849985 
0.1200316280 
0.1686381455 
0.2276376832 
0.2952301520 
0.3678793998 
0.4404315442 
0.5066167100 
0.5598976720 
0.5945189066 
0.6065269331 
0.5945124184 
0.5598813275 
0.5065826798 
0.4403652669 
0.3677560314 
0.2950097523 
0.2272594553 
0.1680145464 
0.1190437986 
0.0805815594 
0.0517352313 
0.0309587393 
0.0164814955 
0.0066269032 
0.0000000000 
-0.0044421460 
-0.0074056133 
-0.0093245931 
-0.0104451631 
-0.0109055282 
-0.0107994098 
-0.0102169751 
-0.0092635963 
-0.0080607646 
-0.0067356867 
-0.0054065141 
-0.0041690473 
-0.0030886214 
-0.0021984259 
-0.0015034300 
-0.0009878272 
-0.0006236001 
-0.0003782328 
-0.0002204146 
-0.0001234098 
-0.0000663876 
-0.0000343125 
-0.0000170391 
-0.0000081296 
-0.0000037267 
0.0001632872 
0.0003562065 
0.0007465858 
0.0015034392 
0.0029088426 
0.0054073291 
0.0096576976 
0.0165726754 
0.0273237224 
0.0432827978 
0.0658747541 
0.0963276372 
0.1353352802 
0.1826835148 
0.2369277320 
0.2952300930 
0.3534544849 
0.4065691554 
0.4493277236 
0.4771109840 
0.4867456000 
0.4770993958 
0.4492985316 
0.4065083762 
0.3533361111 
0.2950097523 
0.2365340896 
0.1820079853 
0.1342215081 
0.0945633360 
0.0631895542 
0.0393562711 
0.0218071580 
0.0091260923 
-0.0000000000 
-0.0066269032 
-0.0114987492 
-0.0150692362 
-0.0175690531 
-0.0190920083 
-0.0196778076 
-0.0193762979 
-0.0182852064 
-0.0165603025 
-0.0144027586 
-0.0120324183 
-0.0096570435 
-0.0074463565 
-0.0055164890 
-0.0039265027 
-0.0026851928 
-0.0017643000 
-0.0011137745 
-0.0006755386 
-0.0003936690 
-0.0002204146 
-0.0001185708 
-0.0000612835 
-0.0000304325 
-0.0000145198 
-0.0000066559 
0.0001259028 
0.0002746536 
0.0005756562 
0.0011592292 
0.0022428677 
0.0041693297 
0.0074465831 
0.0127783876 
0.0210679995 
0.0333732698 
0.0507928333 
0.0742735765 
0.1043504795 
0.1408584051 
0.1826834783 
0.2276375615 
0.2725314550 
0.3134853154 
0.3464536816 
0.3678744107 
0.3752996772 
0.3678545252 
0.3464035880 
0.3133810180 
0.2723283247 
0.2272594553 
0.1820079853 
0.1396991917 
0.1024392390 
0.0712460235 
0.0461850119 
0.0266353230 
0.0116015371 
-0.0000000000 
-0.0091260923 
-0.0164814955 
-0.0224806588 
-0.0272795955 
-0.0308541058 
-0.0330986164 
-0.0339215519 
-0.0333178184 
-0.0314062970 
-0.0284292846 
-0.0247197998 
-0.0206494265 
-0.0165721711 
-0.0127782129 
-0.0094664042 
-0.0067379284 
-0.0046078162 
-0.0030275531 
-0.0019112453 
-0.0011592290 
-0.0006755387 
-0.0003782330 
-0.0002034684 
-0.0001051629 
-0.0000522223 
-0.0000249160 
-0.0000114216 
0.0000932711 
0.0002034684 
0.0004264566 
0.0008587781 
0.0016615573 
0.0030887154 
0.0055165644 
0.0094664624 
0.0156075578 
0.0247235262 
0.0376282560 
0.0550232173 
0.0773047317 
0.1043504586 
0.1353352078 
0.1686379381 
0.2018959606 
0.2322348478 
0.2566572673 
0.2725234992 
0.2780184693 
0.2724907135 
0.2565746769 
0.2320628904 
0.2015610554 
0.1680145464 
0.1342215081 
0.1024392390 
0.0741536288 
0.0500316261 
0.0300312428 
0.0136145299 
-0.0000000000 
-0.0116015371 
-0.0218071580 
-0.0309587393 
-0.0391006467 
-0.0460289171 
-0.0513924606 
-0.0548197517 
-0.0560414917 
-0.0549821405 
-0.0518015339 
-0.0468806277 
-0.0407594432 
-0.0340464186 
-0.0273233488 
-0.0210678701 
-0.0156075148 
-0.0111089828 
-0.0075970098 
-0.0049915927 
-0.0031511112 
-0.0019112457 
-0.0011137751 
-0.0006236009 
-0.0003354626 
-0.0001733843 
-0.0000861001 
-0.0000410796 
-0.0000188311 
0.0000663876 
0.0001448227 
0.0003035391 
0.0006112528 
0.0011826472 
0.0021984560 
0.0039265268 
0.0067379470 
0.0111089964 
0.0175974720 
0.0267826751 
0.0391638907 
0.0550232063 
0.0742735368 
0.0963275187 
0.1200312971 
0.1437030668 
0.1652966279 
0.1826779645 
0.1939669043 
0.1978688692 
0.1939149692 
0.1825471351 
0.1650242347 
0.1431725522 
0.1190437986 
0.0945633360 
0.0712460235 
0.0500316261 
0.0312568410 
0.0147484442 
-0.0000000000 
-0.0136145299 
-0.0266353230 
-0.0393562711 
-0.0517352313 
-0.0633876997 
-0.0736623255 
-0.0817814595 
-0.0870160287 
-0.0888552298 
-0.0871316123 
-0.0820726257 
-0.0742685478 
-0.0645683819 
-0.0539329498 
-0.0432825320 
-0.0333731778 
-0.0247234958 
-0.0175974626 
-0.0120342293 
-0.0079070532 
-0.0049915937 
-0.0030275547 
-0.0017643022 
-0.0009878299 
-0.0005313976 
-0.0002746536 
-0.0001363889 
-0.0000650731 
-0.0000298299 
0.0000453999 
0.0000990387 
0.0002075787 
0.0004180122 
0.0008087668 
0.0015034392 
0.0026852002 
0.0046078219 
0.0075970139 
0.0120342317 
0.0183156368 
0.0267826698 
0.0376282358 
0.0507927709 
0.0658745726 
0.0820844943 
0.0982722418 
0.1130380905 
0.1249217508 
0.1326354695 
0.1352898833 
0.1325564264 
0.1247226335 
0.1126235185 
0.0974648189 
0.0805815594 
0.0631895542 
0.0461850119 
0.0300312428 
0.0147484442 
0.0000000000 
-0.0147484442 
-0.0300312428 
-0.0461850119 
-0.0631895542 
-0.0805815594 
-0.0974648189 
-0.1126235185 
-0.1247226335 
-0.1325564264 
-0.1352898833 
-0.1326354695 
-0.1249217508 
-0.1130380905 
-0.0982722418 
-0.0820844943 
-0.0658745726 
-0.0507927709 
-0.0376282358 
-0.0267826698 
-0.0183156368 
-0.0120342317 
-0.0075970139 
-0.0046078219 
-0.0026852002 
-0.0015034392 
-0.0008087668 
-0.0004180122 
-0.0002075787 
-0.0000990387 
-0.0000453999 
0.0000298299 
0.0000650731 
0.0001363889 
0.0002746536 
0.0005313976 
0.0009878299 
0.0017643022 
0.0030275547 
0.0049915937 
0.0079070532 
0.0120342293 
0.0175974626 
0.0247234958 
0.0333731778 
0.0432825320 
0.0539329498 
0.0645683819 
0.0742685478 
0.0820726257 
0.0871316123 
0.0888552298 
0.0870160287 
0.0817814595 
0.0736623255 
0.0633876997 
0.0517352313 
0.0393562711 
0.0266353230 
0.0136145299 
-0.0000000000 
-0.0147484442 
-0.0312568410 
-0.0500316261 
-0.0712460235 
-0.0945633360 
-0.1190437986 
-0.1431725522 
-0.1650242347 
-0.1825471351 
-0.1939149692 
-0.1978688692 
-0.1939669043 
-0.1826779645 
-0.1652966279 
-0.1437030668 
-0.1200312971 
-0.0963275187 
-0.0742735368 
-0.0550232063 
-0.0391638907 
-0.0267826751 
-0.0175974720 
-0.0111089964 
-0.0067379470 
-0.0039265268 
-0.0021984560 
-0.0011826472 
-0.0006112528 
-0.0003035391 
-0.0001448227 
-0.0000663876 
0.0000188311 
0.0000410796 
0.0000861001 
0.0001733843 
0.0003354626 
0.0006236009 
0.0011137751 
0.0019112457 
0.0031511112 
0.0049915927 
0.0075970098 
0.0111089828 
0.0156075148 
0.0210678701 
0.0273233488 
0.0340464186 
0.0407594432 
0.0468806277 
0.0518015339 
0.0549821405 
0.0560414917 
0.0548197517 
0.0513924606 
0.0460289171 
0.0391006467 
0.0309587393 
0.0218071580 
0.0116015371 
-0.0000000000 
-0.0136145299 
-0.0300312428 
-0.0500316261 
-0.0741536288 
-0.1024392390 
-0.1342215081 
-0.1680145464 
-0.2015610554 
-0.2320628904 
-0.2565746769 
-0.2724907135 
-0.2780184693 
-0.2725234992 
-0.2566572673 
-0.2322348478 
-0.2018959606 
-0.1686379381 
-0.1353352078 
-0.1043504586 
-0.0773047317 
-0.0550232173 
-0.0376282560 
-0.0247235262 
-0.0156075578 
-0.0094664624 
-0.0055165644 
-0.0030887154 
-0.0016615573 
-0.0008587781 
-0.0004264566 
-0.0002034684 
-0.0000932711 
0.0000114216 
0.0000249160 
0.0000522223 
0.0001051629 
0.0002034684 
0.0003782330 
0.0006755387 
0.0011592290 
0.0019112453 
0.0030275531 
0.0046078162 
0.0067379284 
0.0094664042 
0.0127782129 
0.0165721711 
0.0206494265 
0.0247197998 
0.0284292846 
0.0314062970 
0.0333178184 
0.0339215519 
0.0330986164 
0.0308541058 
0.0272795955 
0.0224806588 
0.0164814955 
0.0091260923 
-0.0000000000 
-0.0116015371 
-0.0266353230 
-0.0461850119 
-0.0712460235 
-0.1024392390 
-0.1396991917 
-0.1820079853 
-0.2272594553 
-0.2723283247 
-0.3133810180 
-0.3464035880 
-0.3678545252 
-0.3752996772 
-0.3678744107 
-0.3464536816 
-0.3134853154 
-0.2725314550 
-0.2276375615 
-0.1826834783 
-0.1408584051 
-0.1043504795 
-0.0742735765 
-0.0507928333 
-0.0333732698 
-0.0210679995 
-0.0127783876 
-0.0074465831 
-0.0041693297 
-0.0022428677 
-0.0011592292 
-0.0005756562 
-0.0002746536 
-0.0001259028 
0.0000066559 
0.0000145198 
0.0000304325 
0.0000612835 
0.0001185708 
0.0002204146 
0.0003936690 
0.0006755386 
0.0011137745 
0.0017643000 
0.0026851928 
0.0039265027 
0.0055164890 
0.0074463565 
0.0096570435 
0.0120324183 
0.0144027586 
0.0165603025 
0.0182852064 
0.0193762979 
0.0196778076 
0.0190920083 
0.0175690531 
0.0150692362 
0.0114987492 
0.0066269032 
-0.0000000000 
-0.0091260923 
-0.0218071580 
-0.0393562711 
-0.0631895542 
-0.0945633360 
-0.1342215081 
-0.1820079853 
-0.2365340896 
-0.2950097523 
-0.3533361111 
-0.4065083762 
-0.4492985316 
-0.4770993958 
-0.4867456000 
-0.4771109840 
-0.4493277236 
-0.4065691554 
-0.3534544849 
-0.2952300930 
-0.2369277320 
-0.1826835148 
-0.1353352802 
-0.0963276372 
-0.0658747541 
-0.0432827978 
-0.0273237224 
-0.0165726754 
-0.0096576976 
-0.0054073291 
-0.0029088426 
-0.0015034392 
-0.0007465858 
-0.0003562065 
-0.0001632872 
0.0000037267 
0.0000081296 
0.0000170391 
0.0000343125 
0.0000663876 
0.0001234098 
0.0002204146 
0.0003782328 
0.0006236001 
0.0009878272 
0.0015034300 
0.0021984259 
0.0030886214 
0.0041690473 
0.0054065141 
0.0067356867 
0.0080607646 
0.0092635963 
0.0102169751 
0.0107994098 
0.0109055282 
0.0104451631 
0.0093245931 
0.0074056133 
0.0044421460 
0.0000000000 
-0.0066269032 
-0.0164814955 
-0.0309587393 
-0.0517352313 
-0.0805815594 
-0.1190437986 
-0.1680145464 
-0.2272594553 
-0.2950097523 
-0.3677560314 
-0.4403652669 
-0.5065826798 
-0.5598813275 
-0.5945124184 
-0.6065269331 
-0.5945189066 
-0.5598976720 
-0.5066167100 
-0.4404315442 
-0.3678793998 
-0.2952301520 
-0.2276376832 
-0.1686381455 
-0.1200316280 
-0.0820849985 
-0.0539336873 
-0.0340474547 
-0.0206508252 
-0.0120342323 
-0.0067379470 
-0.0036246411 
-0.0018734006 
-0.0009303032 
-0.0004438606 
-0.0002034684 
0.0000020047 
0.0000043733 
0.0000091661 
0.0000184582 
0.0000357128 
0.0000663876 
0.0001185708 
0.0002034681 
0.0003354617 
0.0005313944 
0.0008087557 
0.0011826112 
0.0016614447 
0.0022425296 
0.0029078668 
0.0036219350 
0.0043322730 
0.0049731357 
0.0054711645 
0.0057504024 
0.0057324270 
0.0053262921 
0.0044027893 
0.0027487262 
-0.0000000000 
-0.0044421460 
-0.0114987492 
-0.0224806588 
-0.0391006467 
-0.0633876997 
-0.0974648189 
-0.1431725522 
-0.2015610554 
-0.2723283247 
-0.3533361111 
-0.4403652669 
-0.5272567112 
-0.6065122015 
-0.6703108799 
-0.7117659495 
-0.7261470323 
-0.7117694398 
-0.6703196724 
-0.6065305078 
-0.5272923647 
-0.4404316322 
-0.3534546739 
-0.2725317903 
-0.2018965171 
-0.1437039495 
-0.0982735855 
-0.0645703469 
-0.0407622040 
-0.0247235265 
-0.0144075918 
-0.0080667871 
-0.0043394833 
-0.0022428677 
-0.0011137751 
-0.0005313976 
-0.0002435959 
0.0000010361 
0.0000022603 
0.0000047375 
0.0000095402 
0.0000184582 
0.0000343125 
0.0000612834 
0.0001051626 
0.0001733832 
0.0002746498 
0.0004179995 
0.0006112114 
0.0008586486 
0.0011588403 
0.0015023167 
0.0018702878 
0.0022345739 
0.0025586799 
0.0027990213 
0.0029041449 
0.0028085135 
0.0024163020 
0.0015700973 
-0.0000000000 
-0.0027487262 
-0.0074056133 
-0.0150692362 
-0.0272795955 
-0.0460289171 
-0.0736623255 
-0.1126235185 
-0.1650242347 
-0.2320628904 
-0.3133810180 
-0.4065083762 
-0.5065826798 
-0.6065122015 
-0.6976667859 
-0.7710468483 
-0.8187284927 
-0.8352691753 
-0.8187302967 
-0.7710513927 
-0.6976762476 
-0.6065306290 
-0.5066169809 
-0.4065696556 
-0.3134861794 
-0.2322362743 
-0.1652988881 
-0.1130415306 
-0.0742735782 
-0.0468876952 
-0.0284388247 
-0.0165726754 
-0.0092790139 
-0.0049915939 
-0.0025799120 
-0.0012811464 
-0.0006112528 
-0.0002802019 
0.0000005145 
0.0000011224 
0.0000023526 
0.0000047375 
0.0000091661 
0.0000170391 
0.0000304324 
0.0000522220 
0.0000860989 
0.0001363848 
0.0002075646 
0.0003034934 
0.0004263135 
0.0005752264 
0.0007453453 
0.0009268631 
0.0011046091 
0.0012576814 
0.0013581711 
0.0013670503 
0.0012241396 
0.0008279004 
-0.0000000000 
-0.0015700973 
-0.0044027893 
-0.0093245931 
-0.0175690531 
-0.0308541058 
-0.0513924606 
-0.0817814595 
-0.1247226335 
-0.1825471351 
-0.2565746769 
-0.3464035880 
-0.4492985316 
-0.5598813275 
-0.6703108799 
-0.7710468483 
-0.8521414364 
-0.9048362956 
-0.9231158319 
-0.9048371914 
-0.8521436931 
-0.7710515468 
-0.6703200308 
-0.5598983608 
-0.4493289621 
-0.3464558096 
-0.2566607767 
-0.1826835240 
-0.1249302122 
-0.0820849986 
-0.0518189172 
-0.0314297620 
-0.0183156389 
-0.0102548963 
-0.0055165644 
-0.0028512437 
-0.0014158857 
-0.0006755388 
-0.0003096710 
0.0000002455 
0.0000005355 
0.0000011224 
0.0000022603 
0.0000043733 
0.0000081296 
0.0000145197 
0.0000249157 
0.0000410783 
0.0000650686 
0.0000990238 
0.0001447742 
0.0002033165 
0.0002741972 
0.0003548893 
0.0004402077 
0.0005216647 
0.0005863368 
0.0006142553 
0.0005724890 
0.0004029824 
-0.0000000000 
-0.0008279004 
-0.0024163020 
-0.0053262921 
-0.0104451631 
-0.0190920083 
-0.0330986164 
-0.0548197517 
-0.0870160287 
-0.1325564264 
-0.1939149692 
-0.2724907135 
-0.3678545252 
-0.4770993958 
-0.5945124184 
-0.7117659495 
-0.8187284927 
-0.9048362956 
-0.9607889036 
-0.9801984278 
-0.9607893310 
-0.9048373723 
-0.8187307345 
-0.7117703155 
-0.5945205452 
-0.4771139145 
-0.3678794408 
-0.2725317929 
-0.1939800423 
-0.1326554651 
-0.0871608515 
-0.0550232201 
-0.0333732700 
-0.0194482147 
-0.0108890237 
-0.0058576897 
-0.0030275547 
-0.0015034392 
-0.0007173118 
-0.0003288200 
0.0000001125 
0.0000002455 
0.0000005145 
0.0000010361 
0.0000020047 
0.0000037266 
0.0000066559 
0.0000114213 
0.0000188298 
0.0000298254 
0.0000453847 
0.0000663381 
0.0000931161 
0.0001254373 
0.0001619434 
0.0001997417 
0.0002336664 
0.0002547826 
0.0002471495 
0.0001810717 
0.0000000000 
-0.0004029824 
-0.0012241396 
-0.0028085135 
-0.0057324270 
-0.0109055282 
-0.0196778076 
-0.0339215519 
-0.0560414917 
-0.0888552298 
-0.1352898833 
-0.1978688692 
-0.2780184693 
-0.3752996772 
-0.4867456000 
-0.6065269331 
-0.7261470323 
-0.8352691753 
-0.9231158319 
-0.9801984278 
-0.9999998875 
-0.9801986237 
-0.9231163254 
-0.8352702029 
-0.7261490337 
-0.6065306585 
-0.4867522555 
-0.3753110987 
-0.2780373004 
-0.1978986991 
-0.1353352832 
-0.0889216175 
-0.0561347628 
-0.0340474547 
-0.0198410947 
-0.0111089965 
-0.0059760229 
-0.0030887154 
-0.0015338107 
-0.0007318024 
-0.0003354626 
0.0000000496 
0.0000001081 
0.0000002266 
0.0000004564 
0.0000008829 
0.0000016413 
0.0000029314 
0.0000050301 
0.0000082926 
0.0000131336 
0.0000199806 
0.0000291906 
0.0000409276 
0.0000549952 
0.0000705996 
0.0000859610 
0.0000975544 
0.0000984938 
0.0000751054 
-0.0000000000 
-0.0001810717 
-0.0005724890 
-0.0013670503 
-0.0029041449 
-0.0057504024 
-0.0107994098 
-0.0193762979 
-0.0333178184 
-0.0549821405 
-0.0871316123 
-0.1326354695 
-0.1939669043 
-0.2725234992 
-0.3678744107 
-0.4771109840 
-0.5945189066 
-0.7117694398 
-0.8187302967 
-0.9048371914 
-0.9607893310 
-0.9801986237 
-0.9607894173 
-0.9048374088 
-0.8187307493 
-0.7117703213 
-0.5945205474 
-0.4771139153 
-0.3678794411 
-0.2725317930 
-0.1939800423 
-0.1326554651 
-0.0871608515 
-0.0550232201 
-0.0333732700 
-0.0194482147 
-0.0108890237 
-0.0058576897 
-0.0030275547 
-0.0015034392 
-0.0007173118 
-0.0003288200 
0.0000000210 
0.0000000458 
0.0000000959 
0.0000001931 
0.0000003736 
0.0000006945 
0.0000012404 
0.0000021284 
0.0000035085 
0.0000055554 
0.0000084473 
0.0000123272 
0.0000172402 
0.0000230352 
0.0000291920 
0.0000344811 
0.0000362338 
0.0000287573 
0.0000000000 
-0.0000751054 
-0.0002471495 
-0.0006142553 
-0.0013581711 
-0.0027990213 
-0.0054711645 
-0.0102169751 
-0.0182852064 
-0.0314062970 
-0.0518015339 
-0.0820726257 
-0.1249217508 
-0.1826779645 
-0.2566572673 
-0.3464536816 
-0.4493277236 
-0.5598976720 
-0.6703196724 
-0.7710513927 
-0.8521436931 
-0.9048373723 
-0.9231163254 
-0.9048374088 
-0.8521437851 
-0.7710515842 
-0.6703200454 
-0.5598983663 
-0.4493289640 
-0.3464558103 
-0.2566607769 
-0.1826835240 
-0.1249302122 
-0.0820849986 
-0.0518189172 
-0.0314297620 
-0.0183156389 
-0.0102548963 
-0.0055165644 
-0.0028512437 
-0.0014158857 
-0.0006755388 
-0.0003096710 
0.0000000085 
0.0000000186 
0.0000000390 
0.0000000785 
0.0000001519 
0.0000002824 
0.0000005043 
0.0000008652 
0.0000014258 
0.0000022566 
0.0000034274 
0.0000049891 
0.0000069381 
0.0000091513 
0.0000112505 
0.0000123049 
0.0000101644 
0.0000000000 
-0.0000287573 
-0.0000984938 
-0.0002547826 
-0.0005863368 
-0.0012576814 
-0.0025586799 
-0.0049731357 
-0.0092635963 
-0.0165603025 
-0.0284292846 
-0.0468806277 
-0.0742685478 
-0.1130380905 
-0.1652966279 
-0.2322348478 
-0.3134853154 
-0.4065691554 
-0.5066167100 
-0.6065305078 
-0.6976762476 
-0.7710515468 
-0.8187307345 
-0.8352702029 
-0.8187307493 
-0.7710515842 
-0.6976763254 
-0.6065306595 
-0.5066169923 
-0.4065696597 
-0.3134861809 
-0.2322362747 
-0.1652988882 
-0.1130415306 
-0.0742735782 
-0.0468876952 
-0.0284388247 
-0.0165726754 
-0.0092790139 
-0.0049915939 
-0.0025799120 
-0.0012811464 
-0.0006112528 
-0.0002802019 
0.0000000033 
0.0000000073 
0.0000000152 
0.0000000307 
0.0000000593 
0.0000001103 
0.0000001969 
0.0000003378 
0.0000005565 
0.0000008797 
0.0000013328 
0.0000019290 
0.0000026482 
0.0000033886 
0.0000038574 
0.0000033164 
-0.0000000000 
-0.0000101644 
-0.0000362338 
-0.0000975544 
-0.0002336664 
-0.0005216647 
-0.0011046091 
-0.0022345739 
-0.0043322730 
-0.0080607646 
-0.0144027586 
-0.0247197998 
-0.0407594432 
-0.0645683819 
-0.0982722418 
-0.1437030668 
-0.2018959606 
-0.2725314550 
-0.3534544849 
-0.4404315442 
-0.5272923647 
-0.6065306290 
-0.6703200308 
-0.7117703155 
-0.7261490337 
-0.7117703213 
-0.6703200454 
-0.6065306595 
-0.5272924239 
-0.4404316545 
-0.3534546819 
-0.2725317930 
-0.2018965180 
-0.1437039498 
-0.0982735856 
-0.0645703469 
-0.0407622040 
-0.0247235265 
-0.0144075918 
-0.0080667871 
-0.0043394833 
-0.0022428677 
-0.0011137751 
-0.0005313976 
-0.0002435959 
0.0000000013 
0.0000000027 
0.0000000057 
0.0000000115 
0.0000000223 
0.0000000414 
0.0000000739 
0.0000001267 
0.0000002084 
0.0000003287 
0.0000004951 
0.0000007074 
0.0000009422 
0.0000011163 
0.0000009989 
0.0000000000 
-0.0000033164 
-0.0000123049 
-0.0000344811 
-0.0000859610 
-0.0001997417 
-0.0004402077 
-0.0009268631 
-0.0018702878 
-0.0036219350 
-0.0067356867 
-0.0120324183 
-0.0206494265 
-0.0340464186 
-0.0539329498 
-0.0820844943 
-0.1200312971 
-0.1686379381 
-0.2276375615 
-0.2952300930 
-0.3678793998 
-0.4404316322 
-0.5066169809 
-0.5598983608 
-0.5945205452 
-0.6065306585 
-0.5945205474 
-0.5598983663 
-0.5066169923 
-0.4404316545 
-0.3678794412 
-0.2952301669 
-0.2276376884 
-0.1686381473 
-0.1200316285 
-0.0820849986 
-0.0539336873 
-0.0340474547 
-0.0206508252 
-0.0120342323 
-0.0067379470 
-0.0036246411 
-0.0018734006 
-0.0009303032 
-0.0004438606 
-0.0002034684 
0.0000000005 
0.0000000010 
0.0000000021 
0.0000000042 
0.0000000080 
0.0000000149 
0.0000000266 
0.0000000456 
0.0000000748 
0.0000001173 
0.0000001745 
0.0000002418 
0.0000002982 
0.0000002777 
-0.0000000000 
-0.0000009989 
-0.0000038574 
-0.0000112505 
-0.0000291920 
-0.0000705996 
-0.0001619434 
-0.0003548893 
-0.0007453453 
-0.0015023167 
-0.0029078668 
-0.0054065141 
-0.0096570435 
-0.0165721711 
-0.0273233488 
-0.0432825320 
-0.0658745726 
-0.0963275187 
-0.1353352078 
-0.1826834783 
-0.2369277320 
-0.2952301520 
-0.3534546739 
-0.4065696556 
-0.4493289621 
-0.4771139145 
-0.4867522555 
-0.4771139153 
-0.4493289640 
-0.4065696597 
-0.3534546819 
-0.2952301669 
-0.2369277587 
-0.1826835241 
-0.1353352832 
-0.0963276382 
-0.0658747544 
-0.0432827979 
-0.0273237224 
-0.0165726754 
-0.0096576976 
-0.0054073291 
-0.0029088426 
-0.0015034392 
-0.0007465858 
-0.0003562065 
-0.0001632872 
0.0000000002 
0.0000000003 
0.0000000007 
0.0000000014 
0.0000000028 
0.0000000052 
0.0000000092 
0.0000000157 
0.0000000257 
0.0000000397 
0.0000000573 
0.0000000735 
0.0000000713 
0.0000000000 
-0.0000002777 
-0.0000011163 
-0.0000033886 
-0.0000091513 
-0.0000230352 
-0.0000549952 
-0.0001254373 
-0.0002741972 
-0.0005752264 
-0.0011588403 
-0.0022425296 
-0.0041690473 
-0.0074463565 
-0.0127782129 
-0.0210678701 
-0.0333731778 
-0.0507927709 
-0.0742735368 
-0.1043504586 
-0.1408584051 
-0.1826835148 
-0.2276376832 
-0.2725317903 
-0.3134861794 
-0.3464558096 
-0.3678794408 
-0.3753110987 
-0.3678794411 
-0.3464558103 
-0.3134861809 
-0.2725317930 
-0.2276376884 
-0.1826835241 
-0.1408584209 
-0.1043504848 
-0.0742735782 
-0.0507928339 
-0.0333732700 
-0.0210679995 
-0.0127783876 
-0.0074465831 
-0.0041693297 
-0.0022428677 
-0.0011592292 
-0.0005756562 
-0.0002746536 
-0.0001259028 
0.0000000001 
0.0000000001 
0.0000000002 
0.0000000005 
0.0000000009 
0.0000000017 
0.0000000030 
0.0000000052 
0.0000000083 
0.0000000125 
0.0000000167 
0.0000000169 
-0.0000000000 
-0.0000000713 
-0.0000002982 
-0.0000009422 
-0.0000026482 
-0.0000069381 
-0.0000172402 
-0.0000409276 
-0.0000931161 
-0.0002033165 
-0.0004263135 
-0.0008586486 
-0.0016614447 
-0.0030886214 
-0.0055164890 
-0.0094664042 
-0.0156075148 
-0.0247234958 
-0.0376282358 
-0.0550232063 
-0.0773047317 
-0.1043504795 
-0.1353352802 
-0.1686381455 
-0.2018965171 
-0.2322362743 
-0.2566607767 
-0.2725317929 
-0.2780373004 
-0.2725317930 
-0.2566607769 
-0.2322362747 
-0.2018965180 
-0.1686381473 
-0.1353352832 
-0.1043504848 
-0.0773047404 
-0.0550232201 
-0.0376282568 
-0.0247235265 
-0.0156075579 
-0.0094664624 
-0.0055165644 
-0.0030887154 
-0.0016615573 
-0.0008587781 
-0.0004264566 
-0.0002034684 
-0.0000932711 
0.0000000000 
0.0000000000 
0.0000000001 
0.0000000002 
0.0000000003 
0.0000000005 
0.0000000010 
0.0000000016 
0.0000000025 
0.0000000035 
0.0000000037 
-0.0000000000 
-0.0000000169 
-0.0000000735 
-0.0000002418 
-0.0000007074 
-0.0000019290 
-0.0000049891 
-0.0000123272 
-0.0000291906 
-0.0000663381 
-0.0001447742 
-0.0003034934 
-0.0006112114 
-0.0011826112 
-0.0021984259 
-0.0039265027 
-0.0067379284 
-0.0111089828 
-0.0175974626 
-0.0267826698 
-0.0391638907 
-0.0550232173 
-0.0742735765 
-0.0963276372 
-0.1200316280 
-0.1437039495 
-0.1652988881 
-0.1826835240 
-0.1939800423 
-0.1978986991 
-0.1939800423 
-0.1826835240 
-0.1652988882 
-0.1437039498 
-0.1200316285 
-0.0963276382 
-0.0742735782 
-0.0550232201 
-0.0391638951 
-0.0267826765 
-0.0175974724 
-0.0111089965 
-0.0067379470 
-0.0039265268 
-0.0021984560 
-0.0011826472 
-0.0006112528 
-0.0003035391 
-0.0001448227 
-0.0000663876 
0.0000000000 
0.0000000000 
0.0000000000 
0.0000000000 
0.0000000001 
0.0000000002 
0.0000000003 
0.0000000005 
0.0000000007 
0.0000000007 
0.0000000000 
-0.0000000037 
-0.0000000167 
-0.0000000573 
-0.0000001745 
-0.0000004951 
-0.0000013328 
-0.0000034274 
-0.0000084473 
-0.0000199806 
-0.0000453847 
-0.0000990238 
-0.0002075646 
-0.0004179995 
-0.0008087557 
-0.0015034300 
-0.0026851928 
-0.0046078162 
-0.0075970098 
-0.0120342293 
-0.0183156368 
-0.0267826751 
-0.0376282560 
-0.0507928333 
-0.0658747541 
-0.0820849985 
-0.0982735855 
-0.1130415306 
-0.1249302122 
-0.1326554651 
-0.1353352832 
-0.1326554651 
-0.1249302122 
-0.1130415306 
-0.0982735856 
-0.0820849986 
-0.0658747544 
-0.0507928339 
-0.0376282568 
-0.0267826765 
-0.0183156389 
-0.0120342323 
-0.0075970140 
-0.0046078219 
-0.0026852002 
-0.0015034392 
-0.0008087668 
-0.0004180122 
-0.0002075787 
-0.0000990387 
-0.0000453999 
0.0000000000 
0.0000000000 
0.0000000000 
0.0000000000 
0.0000000000 
0.0000000000 
0.0000000001 
0.0000000001 
0.0000000001 
-0.0000000000 
-0.0000000007 
-0.0000000035 
-0.0000000125 
-0.0000000397 
-0.0000001173 
-0.0000003287 
-0.0000008797 
-0.0000022566 
-0.0000055554 
-0.0000131336 
-0.0000298254 
-0.0000650686 
-0.0001363848 
-0.0002746498 
-0.0005313944 
-0.0009878272 
-0.0017643000 
-0.0030275531 
-0.0049915927 
-0.0079070532 
-0.0120342317 
-0.0175974720 
-0.0247235262 
-0.0333732698 
-0.0432827978 
-0.0539336873 
-0.0645703469 
-0.0742735782 
-0.0820849986 
-0.0871608515 
-0.0889216175 
-0.0871608515 
-0.0820849986 
-0.0742735782 
-0.0645703469 
-0.0539336873 
-0.0432827979 
-0.0333732700 
-0.0247235265 
-0.0175974724 
-0.0120342323 
-0.0079070541 
-0.0049915939 
-0.0030275547 
-0.0017643022 
-0.0009878299 
-0.0005313976 
-0.0002746536 
-0.0001363889 
-0.0000650731 
-0.0000298299 
0.0000000000 
0.0000000000 
0.0000000000 
0.0000000000 
0.0000000000 
0.0000000000 
0.0000000000 
0.0000000000 
0.0000000000 
-0.0000000001 
-0.0000000007 
-0.0000000025 
-0.0000000083 
-0.0000000257 
-0.0000000748 
-0.0000002084 
-0.0000005565 
-0.0000014258 
-0.0000035085 
-0.0000082926 
-0.0000188298 
-0.0000410783 
-0.0000860989 
-0.0001733832 
-0.0003354617 
-0.0006236001 
-0.0011137745 
-0.0019112453 
-0.0031511112 
-0.0049915937 
-0.0075970139 
-0.0111089964 
-0.0156075578 
-0.0210679995 
-0.0273237224 
-0.0340474547 
-0.0407622040 
-0.0468876952 
-0.0518189172 
-0.0550232201 
-0.0561347628 
-0.0550232201 
-0.0518189172 
-0.0468876952 
-0.0407622040 
-0.0340474547 
-0.0273237224 
-0.0210679995 
-0.0156075579 
-0.0111089965 
-0.0075970140 
-0.0049915939 
-0.0031511116 
-0.0019112458 
-0.0011137751 
-0.0006236009 
-0.0003354626 
-0.0001733843 
-0.0000861001 
-0.0000410796 
-0.0000188311 
0.0000000000 
0.0000000000 
0.0000000000 
0.0000000000 
0.0000000000 
0.0000000000 
0.0000000000 
-0.0000000000 
-0.0000000000 
-0.0000000001 
-0.0000000005 
-0.0000000016 
-0.0000000052 
-0.0000000157 
-0.0000000456 
-0.0000001267 
-0.0000003378 
-0.0000008652 
-0.0000021284 
-0.0000050301 
-0.0000114213 
-0.0000249157 
-0.0000522220 
-0.0001051626 
-0.0002034681 
-0.0003782328 
-0.0006755386 
-0.0011592290 
-0.0019112457 
-0.0030275547 
-0.0046078219 
-0.0067379470 
-0.0094664624 
-0.0127783876 
-0.0165726754 
-0.0206508252 
-0.0247235265 
-0.0284388247 
-0.0314297620 
-0.0333732700 
-0.0340474547 
-0.0333732700 
-0.0314297620 
-0.0284388247 
-0.0247235265 
-0.0206508252 
-0.0165726754 
-0.0127783876 
-0.0094664624 
-0.0067379470 
-0.0046078219 
-0.0030275547 
-0.0019112458 
-0.0011592292 
-0.0006755388 
-0.0003782331 
-0.0002034684 
-0.0001051629 
-0.0000522223 
-0.0000249160 
-0.0000114216 
0.0000000000 
0.0000000000 
0.0000000000 
0.0000000000 
0.0000000000 
0.0000000000 
-0.0000000000 
-0.0000000000 
-0.0000000000 
-0.0000000001 
-0.0000000003 
-0.0000000010 
-0.0000000030 
-0.0000000092 
-0.0000000266 
-0.0000000739 
-0.0000001969 
-0.0000005043 
-0.0000012404 
-0.0000029314 
-0.0000066559 
-0.0000145197 
-0.0000304324 
-0.0000612834 
-0.0001185708 
-0.0002204146 
-0.0003936690 
-0.0006755387 
-0.0011137751 
-0.0017643022 
-0.0026852002 
-0.0039265268 
-0.0055165644 
-0.0074465831 
-0.0096576976 
-0.0120342323 
-0.0144075918 
-0.0165726754 
-0.0183156389 
-0.0194482147 
-0.0198410947 
-0.0194482147 
-0.0183156389 
-0.0165726754 
-0.0144075918 
-0.0120342323 
-0.0096576976 
-0.0074465831 
-0.0055165644 
-0.0039265268 
-0.0026852002 
-0.0017643022 
-0.0011137751 
-0.0006755388 
-0.0003936690 
-0.0002204147 
-0.0001185708 
-0.0000612835 
-0.0000304325 
-0.0000145198 
-0.0000066559 
0.0000000000 
0.0000000000 
0.0000000000 
0.0000000000 
0.0000000000 
0.0000000000 
-0.0000000000 
-0.0000000000 
-0.0000000000 
-0.0000000000 
-0.0000000002 
-0.0000000005 
-0.0000000017 
-0.0000000052 
-0.0000000149 
-0.0000000414 
-0.0000001103 
-0.0000002824 
-0.0000006945 
-0.0000016413 
-0.0000037266 
-0.0000081296 
-0.0000170391 
-0.0000343125 
-0.0000663876 
-0.0001234098 
-0.0002204146 
-0.0003782330 
-0.0006236009 
-0.0009878299 
-0.0015034392 
-0.0021984560 
-0.0030887154 
-0.0041693297 
-0.0054073291 
-0.0067379470 
-0.0080667871 
-0.0092790139 
-0.0102548963 
-0.0108890237 
-0.0111089965 
-0.0108890237 
-0.0102548963 
-0.0092790139 
-0.0080667871 
-0.0067379470 
-0.0054073291 
-0.0041693297 
-0.0030887154 
-0.0021984560 
-0.0015034392 
-0.0009878299 
-0.0006236009 
-0.0003782331 
-0.0002204147 
-0.0001234098 
-0.0000663876 
-0.0000343125 
-0.0000170391 
-0.0000081296 
-0.0000037267 
0.0000000000 
0.0000000000 
0.0000000000 
0.0000000000 
-0.0000000000 
-0.0000000000 
-0.0000000000 
-0.0000000000 
-0.0000000000 
-0.0000000000 
-0.0000000001 
-0.0000000003 
-0.0000000009 
-0.0000000028 
-0.0000000080 
-0.0000000223 
-0.0000000593 
-0.0000001519 
-0.0000003736 
-0.0000008829 
-0.0000020047 
-0.0000043733 
-0.0000091661 
-0.0000184582 
-0.0000357128 
-0.0000663876 
-0.0001185708 
-0.0002034684 
-0.0003354626 
-0.0005313976 
-0.0008087668 
-0.0011826472 
-0.0016615573 
-0.0022428677 
-0.0029088426 
-0.0036246411 
-0.0043394833 
-0.0049915939 
-0.0055165644 
-0.0058576897 
-0.0059760229 
-0.0058576897 
-0.0055165644 
-0.0049915939 
-0.0043394833 
-0.0036246411 
-0.0029088426 
-0.0022428677 
-0.0016615573 
-0.0011826472 
-0.0008087668 
-0.0005313976 
-0.0003354626 
-0.0002034684 
-0.0001185708 
-0.0000663876 
-0.0000357128 
-0.0000184582 
-0.0000091661 
-0.0000043733 
-0.0000020047 
0.0000000000 
0.0000000000 
0.0000000000 
0.0000000000 
-0.0000000000 
-0.0000000000 
-0.0000000000 
-0.0000000000 
-0.0000000000 
-0.0000000000 
-0.0000000000 
-0.0000000002 
-0.0000000005 
-0.0000000014 
-0.0000000042 
-0.0000000115 
-0.0000000307 
-0.0000000785 
-0.0000001931 
-0.0000004564 
-0.0000010361 
-0.0000022603 
-0.0000047375 
-0.0000095402 
-0.0000184582 
-0.0000343125 
-0.0000612835 
-0.0001051629 
-0.0001733843 
-0.0002746536 
-0.0004180122 
-0.0006112528 
-0.0008587781 
-0.0011592292 
-0.0015034392 
-0.0018734006 
-0.0022428677 
-0.0025799120 
-0.0028512437 
-0.0030275547 
-0.0030887154 
-0.0030275547 
-0.0028512437 
-0.0025799120 
-0.0022428677 
-0.0018734006 
-0.0015034392 
-0.0011592292 
-0.0008587781 
-0.0006112528 
-0.0004180122 
-0.0002746536 
-0.0001733843 
-0.0001051629 
-0.0000612835 
-0.0000343125 
-0.0000184582 
-0.0000095402 
-0.0000047375 
-0.0000022603 
-0.0000010361 
0.0000000000 
0.0000000000 
0.0000000000 
-0.0000000000 
-0.0000000000 
-0.0000000000 
-0.0000000000 
-0.0000000000 
-0.0000000000 
-0.0000000000 
-0.0000000000 
-0.0000000001 
-0.0000000002 
-0.0000000007 
-0.0000000021 
-0.0000000057 
-0.0000000152 
-0.0000000390 
-0.0000000959 
-0.0000002266 
-0.0000005145 
-0.0000011224 
-0.0000023526 
-0.0000047375 
-0.0000091661 
-0.0000170391 
-0.0000304325 
-0.0000522223 
-0.0000861001 
-0.0001363889 
-0.0002075787 
-0.0003035391 
-0.0004264566 
-0.0005756562 
-0.0007465858 
-0.0009303032 
-0.0011137751 
-0.0012811464 
-0.0014158857 
-0.0015034392 
-0.0015338107 
-0.0015034392 
-0.0014158857 
-0.0012811464 
-0.0011137751 
-0.0009303032 
-0.0007465858 
-0.0005756562 
-0.0004264566 
-0.0003035391 
-0.0002075787 
-0.0001363889 
-0.0000861001 
-0.0000522223 
-0.0000304325 
-0.0000170391 
-0.0000091661 
-0.0000047375 
-0.0000023526 
-0.0000011224 
-0.0000005145 
0.0000000000 
-0.0000000000 
-0.0000000000 
-0.0000000000 
-0.0000000000 
-0.0000000000 
-0.0000000000 
-0.0000000000 
-0.0000000000 
-0.0000000000 
-0.0000000000 
-0.0000000000 
-0.0000000001 
-0.0000000003 
-0.0000000010 
-0.0000000027 
-0.0000000073 
-0.0000000186 
-0.0000000458 
-0.0000001081 
-0.0000002455 
-0.0000005355 
-0.0000011224 
-0.0000022603 
-0.0000043733 
-0.0000081296 
-0.0000145198 
-0.0000249160 
-0.0000410796 
-0.0000650731 
-0.0000990387 
-0.0001448227 
-0.0002034684 
-0.0002746536 
-0.0003562065 
-0.0004438606 
-0.0005313976 
-0.0006112528 
-0.0006755388 
-0.0007173118 
-0.0007318024 
-0.0007173118 
-0.0006755388 
-0.0006112528 
-0.0005313976 
-0.0004438606 
-0.0003562065 
-0.0002746536 
-0.0002034684 
-0.0001448227 
-0.0000990387 
-0.0000650731 
-0.0000410796 
-0.0000249160 
-0.0000145198 
-0.0000081296 
-0.0000043733 
-0.0000022603 
-0.0000011224 
-0.0000005355 
-0.0000002455 
0.0000000000 
-0.0000000000 
-0.0000000000 
-0.0000000000 
-0.0000000000 
-0.0000000000 
-0.0000000000 
-0.0000000000 
-0.0000000000 
-0.0000000000 
-0.0000000000 
-0.0000000000 
-0.0000000001 
-0.0000000002 
-0.0000000005 
-0.0000000013 
-0.0000000033 
-0.0000000085 
-0.0000000210 
-0.0000000496 
-0.0000001125 
-0.0000002455 
-0.0000005145 
-0.0000010361 
-0.0000020047 
-0.0000037267 
-0.0000066559 
-0.0000114216 
-0.0000188311 
-0.0000298299 
-0.0000453999 
-0.0000663876 
-0.0000932711 
-0.0001259028 
-0.0001632872 
-0.0002034684 
-0.0002435959 
-0.0002802019 
-0.0003096710 
-0.0003288200 
-0.0003354626 
-0.0003288200 
-0.0003096710 
-0.0002802019 
-0.0002435959 
-0.0002034684 
-0.0001632872 
-0.0001259028 
-0.0000932711 
-0.0000663876 
-0.0000453999 
-0.0000298299 
-0.0000188311 
-0.0000114216 
-0.0000066559 
-0.0000037267 
-0.0000020047 
-0.0000010361 
-0.0000005145 
-0.0000002455 
-0.0000001125 
