500 1

0.0000000000 
0.0200400802 
0.0400801603 
0.0601202405 
0.0801603206 
0.1002004008 
0.1202404810 
0.1402805611 
0.1603206413 
0.1803607214 
0.2004008016 
0.2204408818 
0.2404809619 
0.2605210421 
0.2805611222 
0.3006012024 
0.3206412826 
0.3406813627 
0.3607214429 
0.3807615230 
0.4008016032 
0.4208416834 
0.4408817635 
0.4609218437 
0.4809619238 
0.5010020040 
0.5210420842 
0.5410821643 
0.5611222445 
0.5811623246 
0.6012024048 
0.6212424850 
0.6412825651 
0.6613226453 
0.6813627255 
0.7014028056 
0.7214428858 
0.7414829659 
0.7615230461 
0.7815631263 
0.8016032064 
0.8216432866 
0.8416833667 
0.8617234469 
0.8817635271 
0.9018036072 
0.9218436874 
0.9418837675 
0.9619238477 
0.9819639279 
1.0020040080 
1.0220440882 
1.0420841683 
1.0621242485 
1.0821643287 
1.1022044088 
1.1222444890 
1.1422845691 
1.1623246493 
1.1823647295 
1.2024048096 
1.2224448898 
1.2424849699 
1.2625250501 
1.2825651303 
1.3026052104 
1.3226452906 
1.3426853707 
1.3627254509 
1.3827655311 
1.4028056112 
1.4228456914 
1.4428857715 
1.4629258517 
1.4829659319 
1.5030060120 
1.5230460922 
1.5430861723 
1.5631262525 
1.5831663327 
1.6032064128 
1.6232464930 
1.6432865731 
1.6633266533 
1.6833667335 
1.7034068136 
1.7234468938 
1.7434869739 
1.7635270541 
1.7835671343 
1.8036072144 
1.8236472946 
1.8436873747 
1.8637274549 
1.8837675351 
1.9038076152 
1.9238476954 
1.9438877756 
1.9639278557 
1.9839679359 
2.0040080160 
2.0240480962 
2.0440881764 
2.0641282565 
2.0841683367 
2.1042084168 
2.1242484970 
2.1442885772 
2.1643286573 
2.1843687375 
2.2044088176 
2.2244488978 
2.2444889780 
2.2645290581 
2.2845691383 
2.3046092184 
2.3246492986 
2.3446893788 
2.3647294589 
2.3847695391 
2.4048096192 
2.4248496994 
2.4448897796 
2.4649298597 
2.4849699399 
2.5050100200 
2.5250501002 
2.5450901804 
2.5651302605 
2.5851703407 
2.6052104208 
2.6252505010 
2.6452905812 
2.6653306613 
2.6853707415 
2.7054108216 
2.7254509018 
2.7454909820 
2.7655310621 
2.7855711423 
2.8056112224 
2.8256513026 
2.8456913828 
2.8657314629 
2.8857715431 
2.9058116232 
2.9258517034 
2.9458917836 
2.9659318637 
2.9859719439 
3.0060120240 
3.0260521042 
3.0460921844 
3.0661322645 
3.0861723447 
3.1062124248 
3.1262525050 
3.1462925852 
3.1663326653 
3.1863727455 
3.2064128257 
3.2264529058 
3.2464929860 
3.2665330661 
3.2865731463 
3.3066132265 
3.3266533066 
3.3466933868 
3.3667334669 
3.3867735471 
3.4068136273 
3.4268537074 
3.4468937876 
3.4669338677 
3.4869739479 
3.5070140281 
3.5270541082 
3.5470941884 
3.5671342685 
3.5871743487 
3.6072144289 
3.6272545090 
3.6472945892 
3.6673346693 
3.6873747495 
3.7074148297 
3.7274549098 
3.7474949900 
3.7675350701 
3.7875751503 
3.8076152305 
3.8276553106 
3.8476953908 
3.8677354709 
3.8877755511 
3.9078156313 
3.9278557114 
3.9478957916 
3.9679358717 
3.9879759519 
4.0080160321 
4.0280561122 
4.0480961924 
4.0681362725 
4.0881763527 
4.1082164329 
4.1282565130 
4.1482965932 
4.1683366733 
4.1883767535 
4.2084168337 
4.2284569138 
4.2484969940 
4.2685370741 
4.2885771543 
4.3086172345 
4.3286573146 
4.3486973948 
4.3687374749 
4.3887775551 
4.4088176353 
4.4288577154 
4.4488977956 
4.4689378758 
4.4889779559 
4.5090180361 
4.5290581162 
4.5490981964 
4.5691382766 
4.5891783567 
4.6092184369 
4.6292585170 
4.6492985972 
4.6693386774 
4.6893787575 
4.7094188377 
4.7294589178 
4.7494989980 
4.7695390782 
4.7895791583 
4.8096192385 
4.8296593186 
4.8496993988 
4.8697394790 
4.8897795591 
4.9098196393 
4.9298597194 
4.9498997996 
4.9699398798 
4.9899799599 
5.0100200401 
5.0300601202 
5.0501002004 
5.0701402806 
5.0901803607 
5.1102204409 
5.1302605210 
5.1503006012 
5.1703406814 
5.1903807615 
5.2104208417 
5.2304609218 
5.2505010020 
5.2705410822 
5.2905811623 
5.3106212425 
5.3306613226 
5.3507014028 
5.3707414830 
5.3907815631 
5.4108216433 
5.4308617234 
5.4509018036 
5.4709418838 
5.4909819639 
5.5110220441 
5.5310621242 
5.5511022044 
5.5711422846 
5.5911823647 
5.6112224449 
5.6312625251 
5.6513026052 
5.6713426854 
5.6913827655 
5.7114228457 
5.7314629259 
5.7515030060 
5.7715430862 
5.7915831663 
5.8116232465 
5.8316633267 
5.8517034068 
5.8717434870 
5.8917835671 
5.9118236473 
5.9318637275 
5.9519038076 
5.9719438878 
5.9919839679 
6.0120240481 
6.0320641283 
6.0521042084 
6.0721442886 
6.0921843687 
6.1122244489 
6.1322645291 
6.1523046092 
6.1723446894 
6.1923847695 
6.2124248497 
6.2324649299 
6.2525050100 
6.2725450902 
6.2925851703 
6.3126252505 
6.3326653307 
6.3527054108 
6.3727454910 
6.3927855711 
6.4128256513 
6.4328657315 
6.4529058116 
6.4729458918 
6.4929859719 
6.5130260521 
6.5330661323 
6.5531062124 
6.5731462926 
6.5931863727 
6.6132264529 
6.6332665331 
6.6533066132 
6.6733466934 
6.6933867735 
6.7134268537 
6.7334669339 
6.7535070140 
6.7735470942 
6.7935871743 
6.8136272545 
6.8336673347 
6.8537074148 
6.8737474950 
6.8937875752 
6.9138276553 
6.9338677355 
6.9539078156 
6.9739478958 
6.9939879760 
7.0140280561 
7.0340681363 
7.0541082164 
7.0741482966 
7.0941883768 
7.1142284569 
7.1342685371 
7.1543086172 
7.1743486974 
7.1943887776 
7.2144288577 
7.2344689379 
7.2545090180 
7.2745490982 
7.2945891784 
7.3146292585 
7.3346693387 
7.3547094188 
7.3747494990 
7.3947895792 
7.4148296593 
7.4348697395 
7.4549098196 
7.4749498998 
7.4949899800 
7.5150300601 
7.5350701403 
7.5551102204 
7.5751503006 
7.5951903808 
7.6152304609 
7.6352705411 
7.6553106212 
7.6753507014 
7.6953907816 
7.7154308617 
7.7354709419 
7.7555110220 
7.7755511022 
7.7955911824 
7.8156312625 
7.8356713427 
7.8557114228 
7.8757515030 
7.8957915832 
7.9158316633 
7.9358717435 
7.9559118236 
7.9759519038 
7.9959919840 
8.0160320641 
8.0360721443 
8.0561122244 
8.0761523046 
8.0961923848 
8.1162324649 
8.1362725451 
8.1563126253 
8.1763527054 
8.1963927856 
8.2164328657 
8.2364729459 
8.2565130261 
8.2765531062 
8.2965931864 
8.3166332665 
8.3366733467 
8.3567134269 
8.3767535070 
8.3967935872 
8.4168336673 
8.4368737475 
8.4569138277 
8.4769539078 
8.4969939880 
8.5170340681 
8.5370741483 
8.5571142285 
8.5771543086 
8.5971943888 
8.6172344689 
8.6372745491 
8.6573146293 
8.6773547094 
8.6973947896 
8.7174348697 
8.7374749499 
8.7575150301 
8.7775551102 
8.7975951904 
8.8176352705 
8.8376753507 
8.8577154309 
8.8777555110 
8.8977955912 
8.9178356713 
8.9378757515 
8.9579158317 
8.9779559118 
8.9979959920 
9.0180360721 
9.0380761523 
9.0581162325 
9.0781563126 
9.0981963928 
9.1182364729 
9.1382765531 
9.1583166333 
9.1783567134 
9.1983967936 
9.2184368737 
9.2384769539 
9.2585170341 
9.2785571142 
9.2985971944 
9.3186372745 
9.3386773547 
9.3587174349 
9.3787575150 
9.3987975952 
9.4188376754 
9.4388777555 
9.4589178357 
9.4789579158 
9.4989979960 
9.5190380762 
9.5390781563 
9.5591182365 
9.5791583166 
9.5991983968 
9.6192384770 
9.6392785571 
9.6593186373 
9.6793587174 
9.6993987976 
9.7194388778 
9.7394789579 
9.7595190381 
9.7795591182 
9.7995991984 
9.8196392786 
9.8396793587 
9.8597194389 
9.8797595190 
9.8997995992 
9.9198396794 
9.9398797595 
9.9599198397 
9.9799599198 
10.0000000000 
