50 2

2.2251293659 0.4367062151 
-1.5881559849 0.0390389413 
-0.1683100164 1.6466625929 
2.0884511471 -1.1742435694 
-1.7982054949 -1.5831482410 
1.7937123775 1.9257299900 
0.5977730751 -1.3797655106 
-0.9751787186 2.7683150768 
0.6173966527 -2.1723704338 
-2.6600568295 2.6234681606 
-1.9526764154 1.0024995804 
0.7727745771 -0.2085937411 
2.6013610363 1.5916304588 
-2.7026839256 0.1800819337 
2.5734162331 -2.3757882118 
-2.4520375729 -2.1718797684 
0.6762465239 1.5287796259 
-0.4200427234 -2.7259182930 
2.4636516571 2.5396504402 
1.6859327555 2.5927002430 
1.2809621096 0.7437244058 
-2.2163169384 1.8932543993 
1.4289897680 -2.3698732853 
-2.3998444080 -1.0741277933 
0.1330019385 2.7347514629 
-0.0237319712 -0.6422651410 
-1.3183103800 -1.1906672716 
-1.6383054256 2.4188230038 
0.3535722494 0.5972177982 
-0.8145900369 0.7177526951 
-0.2996605337 -1.2552806139 
0.0440446027 -1.9776923656 
1.8159401417 1.2146281004 
0.5725536346 -2.7525358200 
1.9309353828 -0.6874626875 
-2.7354376316 -2.7803912163 
-1.1239440441 -0.5809364319 
2.2675032616 -1.8098379374 
1.2455530167 -1.1782484055 
-0.8858101964 -1.8294751644 
0.9206095934 2.4008412361 
1.4771695137 0.0082576098 
-0.7167568207 0.0765683278 
-0.5049436688 2.3517978191 
2.7467536926 -0.4819590747 
-2.1666228771 -0.3014236391 
-1.8941488266 -2.7232158184 
-2.8406383991 1.4502531290 
-1.1167862415 1.4428755045 
-1.1615251303 -2.4559886456 
