1000 1

1.0680375434 
0.9984444006 
1.0948461236 
1.1156565969 
1.1551182381 
1.0281919187 
1.0706874331 
1.1713148740 
1.0863121023 
1.1536996024 
1.1495926480 
1.1901539658 
1.1466626858 
1.1847728056 
1.2799883764 
1.2792971754 
1.2287858940 
1.2497624905 
1.1383626263 
1.2342604036 
1.1180435601 
1.1643774673 
1.1433712253 
1.2760021882 
1.1448714255 
1.1912305098 
1.1336540919 
1.1252722497 
1.2982824195 
1.1363215304 
1.1886285637 
1.2464500758 
1.1929696507 
1.1207060555 
1.1793282690 
1.1462699596 
1.1290175611 
1.2130557668 
1.0645333826 
1.1471788724 
1.0845007068 
1.1187653844 
1.0298656419 
1.1125897567 
0.9748580347 
0.9720662125 
1.0459884356 
1.0506289415 
0.8626878201 
1.0200704366 
0.9164498586 
0.8091078217 
0.8106081591 
0.8847253337 
0.9097099405 
0.7807176080 
0.7027643318 
0.6726645636 
0.7386924757 
0.6380492391 
0.6511732635 
0.7755640342 
0.7396549310 
0.7070529358 
0.5677606432 
0.5998641245 
0.5443871326 
0.5988012055 
0.5266590446 
0.5351145920 
0.4853486992 
0.3644028748 
0.4216774038 
0.4982252478 
0.4758551166 
0.4118660977 
0.3026849801 
0.3718723283 
0.3307088159 
0.2522983346 
0.2980835127 
0.1729945013 
0.2073930714 
0.2752615859 
0.2452803431 
0.1260371992 
0.0866454671 
0.2007766169 
0.0738080126 
0.1231020997 
0.1595064083 
0.0688115545 
0.0658542887 
0.0898903433 
-0.0097078351 
0.0718739980 
-0.0480473794 
0.0208993053 
-0.0190249697 
0.0130246176 
-0.0854512062 
-0.1510349065 
-0.0158642319 
-0.0330620119 
-0.1981813302 
-0.0615745221 
-0.1190883226 
-0.1698716923 
-0.1407387224 
-0.2162774258 
-0.1225544359 
-0.2249623729 
-0.2031798288 
-0.2529319516 
-0.2656488194 
-0.2523480656 
-0.2001858225 
-0.2314971811 
-0.2836460976 
-0.1384285859 
-0.3008339746 
-0.2973947956 
-0.2241319619 
-0.1712129621 
-0.1259288895 
-0.1349418752 
-0.1836181880 
-0.2419445163 
-0.1662234309 
-0.2395712645 
-0.2511402463 
-0.2597418966 
-0.1850839946 
-0.2484647989 
-0.2618262325 
-0.1404360202 
-0.2559509015 
-0.1161649592 
-0.2354995808 
-0.1124295733 
-0.2393402823 
-0.0567222505 
-0.2284446993 
-0.1265726325 
-0.1873220822 
-0.1659919645 
-0.0456638136 
-0.0497079718 
-0.0557559121 
0.0157501183 
-0.0403522920 
-0.0066793025 
-0.1302003618 
-0.1120927813 
-0.0251335236 
-0.1035757811 
-0.0952509919 
-0.0582937394 
0.0030653770 
0.0847022506 
0.0453764777 
0.0917163377 
-0.0392021048 
-0.0083147725 
0.1697211703 
0.0200532191 
0.1664916047 
0.0227368087 
0.2061571207 
0.0261567342 
0.1979771310 
0.0466175000 
0.0410081574 
0.2325384297 
0.1741599494 
0.0986048109 
0.1019815762 
0.1541788181 
0.2645770635 
0.2516724569 
0.1649306375 
0.2085892734 
0.2185481173 
0.1973233218 
0.2479953770 
0.1337073560 
0.2227426304 
0.2703707666 
0.1816208521 
0.3205663154 
0.2383733097 
0.2988512254 
0.2727224682 
0.2482499219 
0.1283276652 
0.2690414732 
0.2838221591 
0.2993943429 
0.2855644471 
0.2731515728 
0.2983043425 
0.2460902571 
0.2723469709 
0.2821725312 
0.2120425982 
0.1707649943 
0.0961880793 
0.2209139546 
0.2236565363 
0.0516618538 
0.1560448986 
0.0650015547 
0.1300314138 
0.0381646598 
0.1201282996 
0.0305168955 
0.0195176817 
-0.0138455089 
-0.0596956291 
0.0371960084 
-0.0600615369 
0.0095861538 
-0.0348122196 
0.0405848236 
-0.1148960196 
-0.0793032072 
-0.0627013639 
-0.2023255133 
-0.1494926906 
-0.1444549686 
-0.0936228212 
-0.2121599025 
-0.2552467217 
-0.1734527390 
-0.2768409110 
-0.3841141502 
-0.3370328771 
-0.3078111928 
-0.2825501386 
-0.4242971766 
-0.3580220647 
-0.4187132700 
-0.4412255169 
-0.4990328490 
-0.4400981532 
-0.5685544788 
-0.5032873605 
-0.6420792258 
-0.5900467804 
-0.5562067120 
-0.5831216666 
-0.6128088939 
-0.6932409586 
-0.7479427854 
-0.6851017982 
-0.7033761844 
-0.7043523037 
-0.8062958270 
-0.7451142216 
-0.8737257621 
-0.7506636811 
-0.8182620067 
-0.8446193370 
-0.9434666527 
-0.9077252347 
-1.0155749686 
-0.9994686014 
-0.8941071937 
-0.9499045801 
-1.0854348674 
-1.0984673497 
-1.0644068248 
-1.0368374864 
-1.0484053684 
-1.0480117022 
-1.1372263132 
-1.0528513628 
-1.1626970079 
-1.1661391827 
-1.2051207046 
-1.0564926146 
-1.2622179130 
-1.1062812881 
-1.2135311448 
-1.2494803607 
-1.2063261322 
-1.1076002419 
-1.1204272008 
-1.1552952084 
-1.1716688810 
-1.2896163808 
-1.1781845017 
-1.2391972115 
-1.1608465295 
-1.1259354019 
-1.1292341356 
-1.1371395566 
-1.2649321170 
-1.1421077573 
-1.1855014998 
-1.2289920307 
-1.0998684527 
-1.0903941711 
-1.0880553441 
-1.1528100569 
-1.1258455409 
-1.1962399979 
-1.1607754936 
-1.0284708135 
-1.0878010472 
-1.0775115654 
-0.9834921950 
-1.0362005184 
-1.0583855581 
-1.0608039601 
-0.9394440302 
-0.9092692445 
-1.0045846819 
-0.8885191837 
-0.8865398070 
-0.7924309679 
-0.7894037135 
-0.8719852446 
-0.8357965860 
-0.7522527205 
-0.7986949732 
-0.7655251012 
-0.6905645734 
-0.6664440489 
-0.5130693178 
-0.4851041629 
-0.5090644090 
-0.4321506079 
-0.4012947762 
-0.4305028873 
-0.4269367221 
-0.3787178200 
-0.2889317887 
-0.2615230426 
-0.2936316057 
-0.2768170018 
-0.2537669666 
-0.2075084240 
-0.0600546729 
-0.0768377854 
-0.0516357638 
-0.0024437670 
-0.0096500191 
0.0986705974 
0.2414031528 
0.2127023047 
0.1907195555 
0.3111405881 
0.3736053691 
0.3606577303 
0.3365825616 
0.5236935222 
0.5141485222 
0.5344276255 
0.5142312725 
0.6258298083 
0.6410585125 
0.7631217577 
0.7171098414 
0.7279472614 
0.7848543686 
0.9057823310 
0.9275574426 
1.0363384490 
0.9461567547 
1.0967239118 
0.9826650350 
1.0753502787 
1.0314913276 
1.2237276053 
1.2580253321 
1.1973468355 
1.1963655120 
1.3806889523 
1.3852346351 
1.2835914772 
1.3955525693 
1.5342181023 
1.5088942278 
1.4390458725 
1.5203492211 
1.6264277423 
1.4990926889 
1.5262110363 
1.6079193842 
1.6157626523 
1.7099115202 
1.7623713315 
1.6479249204 
1.6518668563 
1.6711605948 
1.7698429301 
1.8511931750 
1.8490345937 
1.8135961511 
1.7622218727 
1.8684797382 
1.8772568171 
1.8773000795 
1.8989217511 
1.8596806315 
1.8543219339 
1.9761519248 
1.8974341757 
1.8385525024 
1.9277612722 
1.9109431782 
1.9283048895 
1.9212302587 
1.8449369324 
1.9591247892 
1.8008816070 
1.7990756748 
1.9552447076 
1.7943694279 
1.8454800581 
1.7816839075 
1.8881563730 
1.7659563130 
1.7629964420 
1.8497685545 
1.7243160313 
1.7986086670 
1.7464370558 
1.5996865134 
1.6205736359 
1.7002500305 
1.6441851131 
1.6594977910 
1.5261009876 
1.4797897829 
1.4452544007 
1.4971645622 
1.3646322536 
1.4446209559 
1.4321929266 
1.3847222672 
1.2450619178 
1.2484865826 
1.1937589980 
1.1789535318 
1.0990475423 
1.0898933093 
1.0784342423 
0.9611851519 
0.9989777609 
0.8477834035 
0.8772208854 
0.8332929950 
0.7730245792 
0.8139408008 
0.6725288768 
0.7038486655 
0.6373857554 
0.6634075971 
0.5688480170 
0.5453968748 
0.4744599335 
0.3484261808 
0.3660891782 
0.1887514676 
0.2445800450 
0.2570407084 
0.1620868322 
0.1169776220 
0.0421217067 
-0.0314867887 
-0.0892369061 
-0.0678902496 
-0.1012019700 
-0.1758231420 
-0.3304665400 
-0.4039362449 
-0.4470580701 
-0.3716291080 
-0.5199670443 
-0.4820950498 
-0.5138686070 
-0.5880169397 
-0.7485913703 
-0.7944540466 
-0.7808410897 
-0.8353491875 
-0.8018137092 
-0.8060187380 
-0.9853275068 
-0.9966759717 
-0.9741931607 
-0.9738717120 
-1.0602940984 
-1.1688315983 
-1.0942103999 
-1.2728823234 
-1.3167894150 
-1.2847412480 
-1.2559673615 
-1.3220382326 
-1.3108064759 
-1.4869279156 
-1.4787719233 
-1.4479835732 
-1.4459070612 
-1.5396617898 
-1.5297341001 
-1.5183310872 
-1.6844062036 
-1.5708002743 
-1.6697801774 
-1.6161912429 
-1.7256396707 
-1.7344795378 
-1.6764538983 
-1.7224403188 
-1.7364244530 
-1.7960192279 
-1.7979203851 
-1.7435104644 
-1.7673715374 
-1.9003610708 
-1.7998864231 
-1.8651437777 
-1.8623929520 
-1.8437979749 
-1.8450367171 
-1.8443402728 
-1.9527108139 
-1.8850836377 
-1.9112874997 
-1.9702036458 
-1.8414489115 
-1.8232463739 
-1.8161465193 
-1.8511337430 
-1.8935730686 
-1.8445230312 
-1.8371959755 
-1.8159303634 
-1.8246446575 
-1.8888362849 
-1.7877063309 
-1.8807958284 
-1.7299717158 
-1.7481926208 
-1.6658906740 
-1.7089310329 
-1.7678968426 
-1.6699265827 
-1.6422775689 
-1.7101236401 
-1.5314683635 
-1.5909830294 
-1.5130432651 
-1.5219170502 
-1.5544432828 
-1.4706780258 
-1.4731219013 
-1.4096165131 
-1.4551527414 
-1.2820584721 
-1.2770540549 
-1.1947437009 
-1.2056738687 
-1.1971098950 
-1.1546339001 
-1.0141498981 
-1.1639733210 
-1.1228892289 
-0.9711297391 
-0.9409174432 
-0.9765225923 
-0.9373652320 
-0.8151949207 
-0.7161338873 
-0.7125449631 
-0.7265931286 
-0.6902482112 
-0.5664377932 
-0.5044461237 
-0.4634803340 
-0.4316210511 
-0.4161345343 
-0.4608769034 
-0.3782813878 
-0.3998584972 
-0.3062788382 
-0.1700066311 
-0.2250272967 
-0.0998267184 
-0.0418330767 
-0.1573321887 
-0.0615022523 
0.0436528968 
0.0813300357 
0.1491151530 
0.0594522624 
0.1996645164 
0.2790532548 
0.1913085815 
0.2435530234 
0.3128971341 
0.3487928587 
0.3989750299 
0.3488372274 
0.4417419562 
0.4530941832 
0.5461556229 
0.6323521891 
0.5241945964 
0.6356937066 
0.7191017357 
0.5988822153 
0.6818131742 
0.6763240895 
0.7944785719 
0.8115773481 
0.8554123689 
0.8656159506 
0.7835361432 
0.9085115503 
0.9327786087 
0.8914315922 
0.8686626601 
0.9547358554 
0.9079733335 
1.1101839845 
1.0641062204 
1.1154152942 
1.1552509455 
1.1800707436 
1.0427010398 
1.1114201980 
1.1321652774 
1.2055244618 
1.1851961276 
1.2605056861 
1.1074715283 
1.1430783608 
1.2681014800 
1.1710933023 
1.2830720272 
1.2570871043 
1.2061757071 
1.1681545631 
1.3045223580 
1.1403988800 
1.2889198198 
1.2393932703 
1.2565880002 
1.2950036121 
1.1433018511 
1.1585021494 
1.1302117784 
1.1312971981 
1.2090535935 
1.1114212485 
1.0930855115 
1.1040891148 
1.2380558630 
1.0408182416 
1.0588830764 
1.0387061727 
1.0944031531 
1.1184218000 
1.1578091249 
0.9803812750 
1.0679127205 
0.9434692717 
0.9918513250 
0.9956073290 
0.9663533376 
0.9199049239 
0.8918561212 
1.0068554575 
0.9185297058 
0.8239652408 
0.7729232259 
0.8321581742 
0.8880558156 
0.8551365700 
0.7546442774 
0.8616153887 
0.6475779944 
0.7233707243 
0.6368832999 
0.7069251166 
0.6922605326 
0.5954494042 
0.6853280046 
0.6142680180 
0.5306447034 
0.4497834894 
0.5704936293 
0.5552472202 
0.5117981615 
0.4859828999 
0.5080693760 
0.3675651909 
0.4333513911 
0.3204746818 
0.4009690829 
0.2553092898 
0.3143348232 
0.1856506487 
0.1743565968 
0.1648952857 
0.1619341222 
0.1203099316 
0.1911954667 
0.0656192995 
0.2129139490 
0.2054711447 
0.0093309329 
0.1653288590 
0.0566701540 
-0.0027405813 
0.0467164118 
-0.0530144498 
0.0145061530 
-0.0222908283 
0.0308857106 
0.0388254558 
-0.0547399738 
-0.0567348282 
-0.0399217547 
-0.1528394659 
-0.1565997727 
-0.0937211444 
-0.1232581869 
-0.2374648700 
-0.0638358510 
-0.1894142774 
-0.2260016313 
-0.1702748839 
-0.2016936569 
-0.2269806293 
-0.1583907484 
-0.1707363726 
-0.2159230294 
-0.2550521003 
-0.1719260541 
-0.2491360619 
-0.2754094007 
-0.1685255658 
-0.2702566892 
-0.1861407406 
-0.3200679442 
-0.1542053934 
-0.1521607419 
-0.2013983618 
-0.2556672193 
-0.1842960332 
-0.2099709951 
-0.1427202848 
-0.2588070221 
-0.2536895075 
-0.2859433979 
-0.1929516864 
-0.1126984962 
-0.1628207307 
-0.1729612752 
-0.1086041115 
-0.0744337678 
-0.1118983631 
-0.1831618749 
-0.1723707492 
-0.2276973528 
-0.2235614518 
-0.2189219673 
-0.1138561869 
-0.1438839319 
-0.0517645493 
-0.0201637435 
-0.0733251515 
-0.0717834542 
-0.1399716312 
-0.1076657472 
-0.0392844847 
0.0585789753 
-0.1074515321 
-0.0892508563 
-0.0471522997 
0.0561487299 
0.0461012833 
-0.0476454231 
0.1359613736 
0.1269242926 
-0.0036706730 
0.0678592299 
0.1335460161 
0.1468528119 
0.0018340247 
0.1250527128 
0.1653029681 
0.1752070237 
0.2191803376 
0.0618873468 
0.2077951047 
0.2469168644 
0.0849760605 
0.1263807124 
0.1256428218 
0.2457453399 
0.1084497198 
0.2440437162 
0.1549952209 
0.1386525375 
0.2955473733 
0.2637491203 
0.1340332256 
0.3135756780 
0.2885915623 
0.1895436417 
0.2609331675 
0.2144449752 
0.2102117510 
0.2538081987 
0.1869424253 
0.2408536994 
0.1448199826 
0.1326017952 
0.1889218001 
0.1371324828 
0.2375773635 
0.1237929425 
0.2717734661 
0.2062971987 
0.1255841042 
0.2101142244 
0.1746975171 
0.1232954952 
0.2408139905 
0.1965923684 
0.0575921151 
0.0304971336 
0.1149507400 
0.0803980676 
0.0308866194 
0.0666062390 
-0.0049142217 
0.0111620041 
0.0222140389 
-0.0780014318 
0.0358273136 
-0.0844077315 
-0.0332540106 
-0.1252566806 
-0.0029392197 
-0.0191317643 
-0.0571316378 
-0.0301764380 
-0.0573285199 
-0.2371559490 
-0.2595379175 
-0.1831880251 
-0.2731332927 
-0.1432548212 
-0.3274848054 
-0.2926278727 
-0.2720833684 
-0.2849725348 
-0.2941382156 
-0.3480743796 
-0.3965640870 
-0.3354906077 
-0.4066666510 
-0.3602353337 
-0.5226388950 
-0.4316473706 
-0.5372195897 
-0.5582752165 
-0.6377545168 
-0.5182449072 
-0.6249177861 
-0.5754108200 
-0.5604292512 
-0.5997024294 
-0.6254243675 
-0.6708356474 
-0.7085082801 
-0.7539467797 
-0.7536431457 
-0.7992461950 
-0.8048435767 
-0.8068221586 
-0.9555606258 
-0.8301904957 
-0.8809971493 
-0.9923094273 
-1.0100819693 
-1.0180185134 
-0.9195886553 
-0.9236098742 
-0.9623003373 
-1.0889336087 
-1.0082317730 
-1.0942474513 
-1.1504194581 
-1.0079346193 
-1.1786384422 
-1.1159517476 
-1.1700045088 
-1.1956062659 
-1.1887892854 
-1.1248792067 
-1.0763477218 
-1.2299570181 
-1.1807869338 
-1.1335281698 
-1.1082086151 
-1.2725053377 
-1.2466388467 
-1.1971543761 
-1.1834031829 
-1.1397188002 
-1.2690586825 
-1.1811780774 
-1.1895672705 
-1.1474942358 
-1.1490680805 
-1.1537586029 
-1.2985622193 
-1.1810821424 
-1.1696299417 
-1.1334442502 
-1.1234256277 
-1.2126312210 
-1.2443754628 
-1.0730205685 
-1.2028329919 
-1.1889947696 
-1.1393106291 
-1.1081982589 
-1.1056700476 
-1.0355833281 
-1.1277012738 
-1.0645272961 
-0.9366997103 
-0.9690797688 
-1.0488792491 
-0.8867814266 
-0.8753410800 
-0.9220063236 
-0.9040208454 
-0.8733051935 
-0.8716548459 
-0.7792840768 
-0.8578811003 
-0.6627433686 
-0.7273640769 
-0.6075507356 
-0.6180800162 
-0.6294501684 
-0.5950797610 
-0.5980640757 
-0.5781462218 
-0.5396507306 
-0.4387346002 
-0.4584591017 
-0.4575138627 
-0.2963243600 
-0.3131350672 
-0.2744406383 
-0.2950836679 
-0.1233195736 
-0.2294980212 
-0.1582215790 
-0.1402449968 
-0.1365512962 
0.0834015420 
0.0016537083 
0.1465465009 
0.1560756297 
0.2048425111 
0.1439549613 
0.1594992102 
0.3842931197 
0.3892430039 
0.2987604923 
0.4903804424 
0.4015312450 
0.6008331059 
0.5510611019 
0.6191630595 
0.6203590807 
0.7343481965 
0.7883551134 
0.7932961346 
0.7727347513 
0.7708565692 
0.9399111293 
0.8430599895 
0.9862684877 
0.9553163590 
0.9985480401 
1.0736995299 
