1000 1

-0.0833395160 
-0.1717503506 
-0.0147153564 
-0.0907603588 
-0.0145679679 
-0.0024609438 
0.1675281887 
-0.0894364908 
-0.8656613233 
0.0757427760 
0.0167357744 
0.0567614787 
-0.0107532744 
0.0588892600 
0.0499379311 
-0.0606192262 
-0.0491824852 
-0.2055895540 
-0.0602959115 
0.0766416237 
-0.0787113365 
-0.0762222840 
0.7382986983 
0.0668938047 
0.0057784163 
-0.0273645590 
-0.0810913097 
-0.0903126864 
0.0103408408 
0.0206651011 
0.0452373271 
0.0259483613 
0.0889034065 
-0.0706508275 
-0.1437758793 
-0.0833697786 
0.0959180901 
0.0092296898 
-0.0729033920 
-0.0932859314 
-0.0100119963 
0.0425102872 
0.0631549405 
0.0031424756 
0.0003906175 
0.0116104283 
-0.0059356468 
0.0483528697 
-0.0751268320 
-0.1095088395 
0.0997883395 
0.0606569297 
-0.0722665270 
0.0325423851 
0.0322460450 
0.0334791492 
0.0941389157 
0.2199664415 
0.0554864011 
0.0321931432 
-0.0312135381 
-0.0758284129 
-0.0402641519 
-0.0799658235 
0.0179643798 
0.5258265041 
-0.0545391150 
0.0150415527 
0.0112520127 
-0.0334581322 
0.0214773347 
-0.0985086109 
0.0003546310 
-0.2272357631 
0.0028921759 
-0.4971905954 
0.0987447798 
-0.0309289156 
-0.0384089934 
-0.0850814912 
-0.3300948492 
0.0851219414 
0.0845316774 
-0.0001444757 
0.0348257614 
0.0145469969 
-0.0666325863 
0.0580806289 
0.0605810082 
0.0742418705 
0.0184689209 
0.0144291660 
-0.0349564240 
-0.0979469975 
0.0540813007 
0.0612682171 
-0.5164351587 
0.0935136771 
-0.0020359722 
-0.0500466200 
-0.0405140031 
-0.0794761579 
-0.1688091939 
-0.0299585035 
0.0052122354 
0.0625942306 
0.0818465244 
0.0029459902 
0.4032303061 
-0.0594302332 
0.0271603666 
0.0023888367 
-0.0433905841 
0.0114011565 
-0.1388785787 
0.0600054298 
-0.0740891296 
-0.0639850218 
0.0226819010 
-0.0106758492 
-0.1750785868 
0.0981399630 
-0.0795067956 
-0.0225401821 
0.0448878769 
-0.8629975894 
0.1621718219 
-0.7043859297 
0.0678969907 
0.0605343881 
0.0468977825 
-0.0714508762 
0.0818154427 
-0.0860115290 
-0.0018196435 
0.0133922364 
-0.3023049354 
-0.0205443490 
0.0892919242 
0.1330583240 
0.0197550412 
0.0161265598 
0.1112284019 
0.0450487279 
-0.5354363384 
0.0116997169 
0.0038436782 
-0.0465237827 
0.0475222689 
-0.1916535813 
0.0428456896 
0.0592898767 
-0.1420252027 
0.1587817973 
-0.0693023108 
0.0773482727 
0.1687958595 
-0.0011103179 
-0.0183162578 
-0.0771658017 
-0.1354384206 
0.0102758528 
0.0396203773 
0.0016793278 
-0.0481323718 
-0.0805655546 
0.0029083174 
0.0764834397 
0.0070944743 
0.0188825523 
-0.0646682179 
-0.0687273068 
0.7410589643 
0.0585298818 
0.0762297391 
-0.0322988952 
-0.5634325416 
0.0009545813 
-0.0171227701 
-0.0690714949 
0.0113637434 
-0.0445349060 
0.6261588933 
-0.6808242214 
-0.0804965909 
-0.0995773904 
0.0136419764 
-0.1054992667 
0.0278424210 
0.0481596703 
-0.0354738592 
0.0581212283 
0.0148360382 
0.0975094143 
0.1155274803 
-0.0147853103 
-0.0701918758 
0.0259057653 
-0.0040553071 
0.0156785996 
-0.0577293605 
-0.1005917860 
0.0784970679 
-0.0258293123 
0.0246226268 
-0.1403666714 
-0.5595392059 
0.0469083375 
-0.0694576048 
-0.0527020972 
0.1386620192 
0.0339776334 
0.0034278453 
0.0129225035 
-0.0347076030 
0.0229698729 
-0.0988683238 
0.4638338237 
-0.0186421491 
-0.0872472340 
-0.2389222485 
0.2447066845 
0.5427305824 
0.2926409284 
0.0470008262 
0.0705950441 
0.7103640953 
0.0710332852 
-0.0030297053 
-0.0996789345 
-0.2103750388 
0.0383757424 
0.0516731471 
-0.0438075561 
-0.8989700829 
0.0028032679 
-0.0671927592 
-0.2190745702 
0.0900594992 
-0.0357650050 
0.0944711130 
-0.4162973631 
0.0982181164 
0.6493857680 
-0.1189213786 
0.1514011586 
-0.1186097073 
0.0669073373 
-0.0578387079 
0.0139902865 
-0.0700789009 
-0.0841438918 
-0.0598412899 
0.0317130500 
-0.0817633957 
0.0857205799 
0.0188801607 
-0.0275090491 
0.0554685024 
-0.2259398337 
0.0176865273 
-0.0308086534 
0.0269524989 
-0.5377233919 
-0.0764489494 
0.0721649254 
0.0479016439 
0.0701754686 
-0.0313842332 
-0.0026185363 
-0.7300157950 
0.0131728065 
-0.0573616435 
-0.2373551149 
-0.1199097579 
0.0007236780 
0.0142243793 
-0.0739755921 
-0.0717719535 
0.1039476360 
0.4241110122 
-0.0588381386 
-0.0430824617 
0.0578354239 
0.0917239786 
0.0944466457 
-0.6161620772 
0.1764030989 
0.0004315880 
-0.0204990034 
0.0284994934 
-0.0736089900 
0.0736349164 
0.0373645376 
0.0836455180 
0.0375077287 
-0.0447806151 
-0.0258469550 
-0.1673150940 
0.0704781957 
0.0107392422 
0.7871810299 
-0.1999005185 
0.0548490770 
0.1387857234 
-0.0250857729 
-0.0485776779 
0.0421613886 
0.2554071371 
-0.6430736771 
-0.6972490891 
-0.0598603921 
0.0651581452 
-0.0290158327 
-0.0881404501 
-0.2929687930 
-0.0355886504 
0.1304734167 
-0.0726357300 
0.0713737476 
0.0745709266 
0.0882072353 
0.0866745895 
0.1457075514 
-0.0251173802 
-0.0549389885 
-0.1018760583 
0.1968038260 
0.0447186656 
0.0309714540 
0.0212642848 
-0.0839189053 
0.0128773473 
0.0327779513 
0.0703572540 
0.0367142718 
0.0788110572 
0.3334674096 
-0.0211480132 
0.0834464854 
0.0328699904 
-0.0450821701 
-0.0811848974 
-0.0148025754 
-0.0526053569 
-0.0694969458 
-0.0975171845 
0.0149620396 
-0.2267074835 
-0.9257607227 
-0.0152468015 
-0.0161919124 
-0.0242067900 
-0.0159266894 
0.0533746509 
0.0850121783 
0.0795465973 
0.0560153289 
-0.0191728466 
0.1583954829 
-0.0118769237 
0.0385182583 
-0.0015822200 
-0.0495836772 
0.0616405869 
-0.0285625104 
0.0319130818 
-0.0722390450 
0.0140377355 
0.5953970885 
-1.0484955437 
0.2332961224 
0.0875786727 
-0.0746369602 
0.0078047904 
-0.0649007751 
-0.1049678434 
0.0376773866 
0.0240381488 
0.3524369373 
-0.0741895062 
-0.0905375153 
-0.0075509556 
-0.0006163495 
0.9583691700 
-0.0089022216 
-0.0483667255 
-0.0047287629 
-0.0823214609 
0.0349115106 
0.1248995063 
0.0339517868 
0.0204119033 
-0.7149995652 
0.0291385904 
-0.0245245658 
0.0092370842 
-0.0389839738 
-0.3996892992 
-0.0656727201 
-0.0282545119 
0.0097876031 
0.3766690954 
-0.0404302884 
0.0351423033 
0.0705244463 
-0.0053310308 
0.0911061570 
0.0076981338 
0.1015294081 
-0.0522997066 
0.0334629665 
-0.0177139545 
0.0872917910 
-0.0659557788 
0.0930160474 
-0.2764837450 
-0.0144005820 
-0.0156050400 
0.0257489183 
0.1693379592 
0.0050121176 
0.4218664339 
0.0318226571 
0.0566681736 
0.0886629862 
-0.4435147082 
-0.0083653880 
-0.0503069037 
0.0221090984 
0.0325760748 
0.0243882616 
-0.9497903003 
0.1249167492 
-0.0175795636 
0.0554760375 
0.0651946592 
-0.0089541655 
0.0458012845 
-0.0296338308 
0.0044704627 
-0.6961736238 
-0.2649518725 
0.0101140029 
0.0812331430 
-0.4667099282 
0.0847596855 
-0.0404087625 
-0.0466891869 
-0.0357614509 
0.1083388864 
0.0447803424 
0.1881870222 
0.1828031005 
-0.0268654174 
0.0173291166 
-0.0688117296 
0.0484350131 
-0.3690740380 
-0.0169699714 
-0.8067137840 
-0.0339366411 
-0.0955454231 
-0.6383265477 
-0.2288543989 
0.0927978640 
0.0702407956 
0.1279497598 
0.3234969261 
0.0169210577 
0.0308478751 
0.0785114754 
-0.1401682468 
0.7157549751 
0.6539963709 
-0.0078544791 
0.0788514376 
0.0126728954 
0.1271768544 
0.3833539283 
-0.0788684261 
0.0789843525 
-0.0990987859 
0.0856759147 
0.0815500053 
0.2083709236 
-0.0886261937 
-0.0851068553 
-1.0397745830 
0.0747829234 
-0.0029545306 
-0.0942690432 
-0.0300574158 
-0.2906900529 
-0.0878103438 
0.0388350668 
0.1563792807 
0.0907365064 
-0.0822004248 
0.1054526105 
-0.0324354520 
0.0101083613 
0.0273763385 
0.0928694355 
-0.0401534099 
-0.0032573273 
0.3946447301 
0.0135467095 
-0.0516126023 
-0.0376795239 
0.0718412519 
0.0244049514 
0.2750297281 
-0.0792696006 
-0.2515914648 
0.1366552442 
0.0619298946 
-0.0906360000 
0.0956334700 
0.0613386249 
0.8188865960 
0.0021533964 
0.0662180870 
-0.0452537762 
0.0959534458 
0.0871358763 
-0.0831660115 
0.0628794429 
-0.2760999825 
-0.0641935553 
0.1412164420 
-0.1088718546 
0.0884878993 
-0.2003989626 
0.0044579305 
0.1630488052 
-0.0434975583 
-0.0849197831 
0.0337258292 
0.0017722485 
-0.0225993083 
0.0061656153 
0.0600935833 
0.1650396717 
0.0304322522 
0.0591074775 
-0.0432674059 
-0.0208779752 
-0.3211351295 
-0.0490214643 
-0.0773186641 
0.0543445916 
0.0465026824 
-0.0786806081 
-0.0909196255 
0.0424664834 
0.0954939416 
-0.1013403992 
-0.0737511120 
0.0736015914 
-0.0418401210 
-0.0915991575 
-0.0118525381 
-0.0597866466 
-0.0683439924 
0.0613450410 
0.0041172229 
-0.0254822356 
0.0788709979 
-0.0215149345 
0.6336786015 
-0.0534301356 
0.0515806863 
0.1120535655 
-0.1010681082 
-0.0210311131 
-0.8116748471 
0.0852453741 
0.0582093615 
-0.0754381289 
-0.0568723352 
1.0937419371 
-0.0793677395 
0.0902258063 
-0.0553726101 
0.2161066101 
0.0321051817 
-0.0987695331 
-0.2148398393 
0.1013230070 
0.0933059990 
0.0101121004 
0.2196889746 
-0.1170842564 
0.0571324228 
-0.0637596486 
0.0985388123 
0.2529142791 
0.1357997242 
0.0857962644 
-0.0031516291 
-0.0118809941 
-0.0677742167 
-0.0462693300 
0.0175290114 
-0.5694047402 
0.0169613897 
0.0234428504 
0.0559222777 
-0.0080396087 
0.0181497263 
0.0989137556 
-0.0095192037 
-0.0903092454 
0.0886949593 
-0.0160569067 
-0.1348783215 
0.0271594676 
-0.0056548577 
0.0174585890 
0.1241099733 
-0.0276292154 
-0.7318182064 
-0.0034491042 
0.0046383434 
-0.5619555135 
0.0336494060 
0.0053730840 
-0.1054932490 
0.7835663360 
-0.0194271519 
0.0245091875 
0.0341925869 
-0.3588543040 
0.0796942643 
0.0609589044 
-0.0194414255 
0.0147331393 
-0.0925369153 
-0.6078952404 
0.2533276215 
-0.0111293434 
-0.0631328964 
-0.0631097834 
-0.0168949432 
0.0691724600 
0.0934858398 
0.0223049854 
0.0444408655 
-0.0100068276 
-0.0843748739 
-0.0755400095 
0.0600540232 
-0.0995494220 
0.0192928159 
-0.0309867226 
0.0792781833 
-0.1631289742 
0.0718906320 
0.0995821892 
-0.0029615595 
0.0651607635 
0.0244021029 
-0.0679764721 
0.0730188907 
0.0334961123 
0.1081727637 
-0.0544256119 
-0.1817932397 
0.0008990153 
-0.0200122413 
-0.3776571053 
0.0289143699 
0.0375407278 
0.0190203038 
-0.0671074191 
0.0381844497 
0.0115238602 
0.0551281789 
-0.0179006998 
-0.0969930085 
0.0699495912 
0.0340609820 
0.0646196891 
0.0921335454 
-0.2248517670 
0.0932498789 
0.0725086927 
-0.0241976595 
-0.5449621543 
0.1213990297 
0.0730322583 
-0.0605994957 
-0.0005253389 
-0.0955659036 
-0.1020184468 
0.0999303382 
0.1099516657 
-0.0277701202 
-0.2210206551 
-0.0269788517 
0.5658058643 
-0.0588090307 
-0.0787991888 
-0.0313075256 
0.0547305927 
-0.9167665626 
-0.0931239374 
0.0221652789 
-0.0285245141 
-0.0112806081 
-0.0159885982 
0.0391108668 
0.0764359827 
-0.2158450946 
-0.1683986746 
-0.0826760003 
-0.0294987096 
0.0946456959 
0.0203820967 
-0.0441257628 
-0.0036270629 
-0.2090922817 
0.0357332022 
-0.0872758139 
0.4586892611 
0.0618125523 
-0.7385971947 
-0.0323467989 
-0.0913864936 
-0.0686549180 
0.0428556418 
0.0876522520 
0.1407001547 
-0.3138224840 
-0.0391139541 
0.0011695104 
-0.0810913210 
-0.0369016193 
0.0016868370 
0.1333785539 
0.1252854250 
0.0744500460 
-0.0889226884 
0.0513839069 
0.0680393714 
-0.2032778202 
-0.4474345060 
-0.0170242098 
0.0328872442 
-0.5330284094 
0.1474314755 
-0.0529905601 
0.0227403411 
0.0029945046 
-0.0415392400 
-0.2062438656 
-0.0431419882 
0.3682497339 
-0.3986441659 
-0.0088601234 
0.0025841671 
-0.2742110501 
0.7818063955 
-0.0295616521 
0.0948936118 
0.0351318756 
-0.0960040493 
0.0843623071 
0.0976311385 
0.1234783323 
-0.0860222881 
0.0508170782 
-0.1094306390 
-0.0755515054 
0.7735561701 
-0.0077810209 
-0.1096232977 
-0.0417654773 
0.0746843842 
-0.3830483056 
0.0144038045 
-0.0270733606 
0.0868622669 
-0.0629353792 
-0.0715520435 
-0.0630311895 
-0.0691213197 
-0.0148898184 
0.0134664680 
-0.2851573894 
0.0844378981 
-0.0784455267 
-0.0048585482 
0.6923204177 
0.0949730209 
-0.0401722404 
0.0905847512 
0.0988990101 
0.0013226281 
0.0886893454 
0.0047054617 
-0.0444128966 
0.0382091380 
0.0836663741 
-0.0166126702 
-0.0653928833 
-0.0229198820 
-0.0114381611 
0.0033366944 
-0.0481750202 
-0.0640986275 
-0.0928304605 
-0.8825975630 
-0.0802182587 
-0.0557658818 
-0.0877612329 
-0.0336174990 
-0.0257444000 
-0.0001067026 
0.0853491431 
0.4604532694 
-0.0297155540 
-0.1950353667 
-0.0396765368 
0.0307881059 
-0.1074197883 
0.0219472164 
0.0146846852 
0.1228849005 
-0.0700914460 
0.0098475477 
0.0202983012 
-0.0754403647 
-0.0511445923 
-0.0099310820 
0.0222270567 
-0.1733061358 
0.0875535797 
-0.0990133767 
0.0763041631 
-0.0812482145 
-0.0651559402 
0.0834341636 
-0.0956766570 
-0.1112281939 
-0.0722921450 
-0.2289665511 
0.0198567655 
0.0028199248 
0.0186742618 
0.1527402348 
-0.0299731065 
0.0925072539 
0.4210270317 
0.1332581313 
0.2858320790 
-0.0781283983 
-0.5191956005 
-0.0528656841 
0.0149883281 
-0.0628381281 
0.0541547617 
-0.0867590422 
-0.0549712459 
-0.0974350438 
0.0616044417 
0.0529864260 
-0.0134156819 
0.2653645187 
-0.0029827718 
-0.6937346156 
0.0276003860 
-0.2334546253 
-0.0544706227 
0.0002341219 
-0.0685525465 
-0.0260414582 
-0.0037246011 
-0.4412175754 
-0.6555010559 
-0.0654667962 
-0.3009795000 
-0.1519598711 
-0.0765788370 
0.1097527759 
0.0263552891 
0.0505723375 
-0.0000822858 
-0.0450888510 
0.0905583577 
-0.0842296304 
-0.0366115549 
0.0611750226 
-0.0727508100 
-0.0006643625 
-0.0146718448 
0.0410323163 
0.2402681306 
-0.0070360793 
0.0954019404 
-0.3406506133 
0.0015560609 
0.2795729984 
0.0940834739 
0.0867034244 
-0.1363497566 
-0.0643140483 
-0.0883853510 
-0.1033494666 
-0.3999886044 
0.2455210607 
0.0595100474 
-0.0406672561 
-0.0546223444 
0.3482838658 
-0.0577666869 
-0.0751931592 
0.0729966507 
0.2287646864 
-0.0503337987 
0.0389976276 
0.0463913675 
0.0125731299 
-0.5450358618 
0.1348812302 
-0.0830383696 
-0.1171896725 
0.6969157706 
-0.1951492699 
-0.0214069007 
0.0311670559 
-0.0335421092 
0.0798894778 
0.0950781146 
-0.0403302355 
0.0275327307 
-0.0426349882 
0.0062919438 
0.0530604188 
-0.0053001382 
-0.0026073449 
0.0561122550 
0.0545908170 
-0.2151514059 
0.0925915737 
0.0196572621 
-0.0958760327 
-0.1595989379 
0.3730779377 
0.0436198771 
0.0337390020 
-0.0656809595 
-0.0100082439 
0.1131100841 
0.0194359149 
-0.0346391179 
-0.0759717550 
0.1498683424 
0.0800134560 
-0.0541474137 
-0.1054253639 
-0.6293567381 
0.0343187947 
0.5814317385 
0.0321878503 
0.0990970215 
0.0439087077 
-0.0864985905 
-0.0013876907 
-0.0056316186 
-0.1276295527 
0.0636774457 
-0.0584659766 
-0.0054240410 
0.0580307530 
-0.0643900128 
0.0044893227 
0.0640223347 
-0.0475477115 
0.0968919482 
0.0074610228 
0.0274773504 
-0.0717869431 
0.0975184450 
-0.5918542981 
0.0476046570 
-0.0378261822 
0.0157563067 
0.0069297495 
-0.0571053280 
0.0799373547 
0.2404274200 
0.0494665496 
0.0143654715 
0.0630804233 
0.1145842147 
0.3048752434 
0.0282532081 
-0.1135281922 
