500 1

1.0000000000 
1.0382627529 
1.0728543195 
1.1037300044 
1.1308582808 
1.1542207761 
1.1738122099 
1.1896402863 
1.2017255401 
1.2101011373 
1.2148126322 
1.2159176810 
1.2134857134 
1.2075975639 
1.1983450639 
1.1858305964 
1.1701666158 
1.1514751331 
1.1298871702 
1.1055421843 
1.0785874655 
1.0491775093 
1.0174733665 
0.9836419733 
0.9478554641 
0.9102904692 
0.8711274008 
0.8305497290 
0.7887432518 
0.7458953608 
0.7021943054 
0.6578284592 
0.6129855905 
0.5678521392 
0.5226125047 
0.4774483445 
0.4325378895 
0.3880552749 
0.3441698927 
0.3010457653 
0.2588409443 
0.2177069355 
0.1777881537 
0.1392214067 
0.1021354138 
0.0666503573 
0.0328774705 
0.0009186632 
-0.0291338145 
-0.0571976677 
-0.0832008125 
-0.1070815889 
-0.1287889317 
-0.1482824988 
-0.1655327555 
-0.1805210155 
-0.1932394385 
-0.2036909841 
-0.2118893224 
-0.2178587020 
-0.2216337760 
-0.2232593864 
-0.2227903082 
-0.2202909539 
-0.2158350401 
-0.2095052174 
-0.2013926646 
-0.1915966497 
-0.1802240587 
-0.1673888947 
-0.1532117489 
-0.1378192454 
-0.1213434628 
-0.1039213341 
-0.0856940275 
-0.0668063108 
-0.0474059013 
-0.0276428050 
-0.0076686454 
0.0123640124 
0.0323023429 
0.0519939408 
0.0712875013 
0.0900334954 
0.1080848386 
0.1252975493 
0.1415313962 
0.1566505298 
0.1705240976 
0.1830268394 
0.1940396600 
0.2034501792 
0.2111532535 
0.2170514711 
0.2210556149 
0.2230850945 
0.2230683435 
0.2209431810 
0.2166571367 
0.2101677365 
0.2014427496 
0.1904603942 
0.1772095020 
0.1616896396 
0.1439111887 
0.1238953811 
0.1016742913 
0.0772907857 
0.0507984271 
0.0222613372 
-0.0082459846 
-0.0406388842 
-0.0748228181 
-0.1106936582 
-0.1481380374 
-0.1870337330 
-0.2272500871 
-0.2686484632 
-0.3110827364 
-0.3543998154 
-0.3984401958 
-0.4430385409 
-0.4880242892 
-0.5332222861 
-0.5784534363 
-0.6235353772 
-0.6682831674 
-0.7125099911 
-0.7560278730 
-0.7986484027 
-0.8401834661 
-0.8804459793 
-0.9192506246 
-0.9564145835 
-0.9917582662 
-1.0251060330 
-1.0562869063 
-1.0851352689 
-1.1114915481 
-1.1352028806 
-1.1561237579 
-1.1741166480 
-1.1890525916 
-1.2008117713 
-1.2092840496 
-1.2143694763 
-1.2159787604 
-1.2140337071 
-1.2084676162 
-1.1992256417 
-1.1862651107 
-1.1695557991 
-1.1490801652 
-1.1248335380 
-1.0968242602 
-1.0650737858 
-1.0296167304 
-0.9905008748 
-0.9477871215 
-0.9015494037 
-0.8518745475 
-0.7988620870 
-0.7426240327 
-0.6832845953 
-0.6209798631 
-0.5558574362 
-0.4880760178 
-0.4178049641 
-0.3452237930 
-0.2705216557 
-0.1938967699 
-0.1155558196 
-0.0357133202 
0.0454090460 
0.1275831235 
0.2105750040 
0.2941457701 
0.3780522607 
0.4620478551 
0.5458832737 
0.6293073910 
0.7120680603 
0.7939129454 
0.8745903574 
0.9538500933 
1.0314442740 
1.1071281777 
1.1806610673 
1.2518070075 
1.3203356694 
1.3860231200 
1.4486525932 
1.5080152400 
1.5639108552 
1.6161485777 
1.6645475624 
1.7089376209 
1.7491598292 
1.7850670989 
1.8165247122 
1.8434108164 
1.8656168774 
1.8830480898 
1.8956237434 
1.9032775431 
1.9059578818 
1.9036280656 
1.8962664893 
1.8838667635 
1.8664377897 
1.8440037867 
1.8166042647 
1.7842939497 
1.7471426564 
1.7052351120 
1.6586707288 
1.6075633293 
1.5520408217 
1.4922448292 
1.4283302731 
1.3604649110 
1.2888288325 
1.2136139124 
1.1350232257 
1.0532704238 
0.9685790756 
0.8811819746 
0.7913204162 
0.6992434447 
0.6052070752 
0.5094734919 
0.4123102251 
0.3139893105 
0.2147864335 
0.1149800603 
0.0148505607 
-0.0853206762 
-0.1852521299 
-0.2846630359 
-0.3832742719 
-0.4808092372 
-0.5769947243 
-0.6715617792 
-0.7642465462 
-0.8547910969 
-0.9429442385 
-1.0284622990 
-1.1111098881 
-1.1906606286 
-1.2668978593 
-1.3396153035 
-1.4086177035 
-1.4737214175 
-1.5347549782 
-1.5915596090 
-1.6439896995 
-1.6919132352 
-1.7352121824 
-1.7737828265 
-1.8075360614 
-1.8363976314 
-1.8603083223 
-1.8792241035 
-1.8931162187 
-1.9019712262 
-1.9057909888 
-1.9045926120 
-1.8984083335 
-1.8872853610 
-1.8712856620 
-1.8504857053 
-1.8249761542 
-1.7948615140 
-1.7602597350 
-1.7213017714 
-1.6781310986 
-1.6309031901 
-1.5797849573 
-1.5249541517 
-1.4665987342 
-1.4049162120 
-1.3401129465 
-1.2724034343 
-1.2020095635 
-1.1291598485 
-1.0540886462 
-0.9770353550 
-0.8982436015 
-0.8179604155 
-0.7364353984 
-0.6539198861 
-0.5706661104 
-0.4869263611 
-0.4029521528 
-0.3189933978 
-0.2352975888 
-0.1521089950 
-0.0696678725 
0.0117903070 
0.0920356065 
0.1708443516 
0.2479998314 
0.3232929734 
0.3965229858 
0.4674979693 
0.5360354937 
0.6019631378 
0.6651189917 
0.7253521197 
0.7825229808 
0.8365038083 
0.8871789442 
0.9344451300 
0.9782117514 
1.0184010369 
1.0549482098 
1.0878015930 
1.1169226669 
1.1422860792 
1.1638796089 
1.1817040822 
1.1957732434 
1.2061135795 
1.2127641003 
1.2157760748 
1.2152127249 
1.2111488782 
1.2036705802 
1.1928746694 
1.1788683148 
1.1617685192 
1.1417015902 
1.1188025795 
1.0932146951 
1.0650886863 
1.0345822057 
1.0018591491 
0.9670889775 
0.9304460223 
0.8921087774 
0.8522591798 
0.8110818828 
0.7687635235 
0.7254919873 
0.6814556732 
0.6368427611 
0.5918404860 
0.5466344185 
0.5014077584 
0.4563406402 
0.4116094559 
0.3673861953 
0.3238378081 
0.2811255896 
0.2394045908 
0.1988230576 
0.1595218989 
0.1216341865 
0.0852846892 
0.0505894406 
0.0176553452 
-0.0134201786 
-0.0425495160 
-0.0696551323 
-0.0946698089 
-0.1175368367 
-0.1382101669 
-0.1566545188 
-0.1728454437 
-0.1867693456 
-0.1984234584 
-0.2078157791 
-0.2149649588 
-0.2199001506 
-0.2226608160 
-0.2232964904 
-0.2218665085 
-0.2184396907 
-0.2130939924 
-0.2059161169 
-0.1970010940 
-0.1864518255 
-0.1743785999 
-0.1608985778 
-0.1461352509 
-0.1302178751 
-0.1132808819 
-0.0954632690 
-0.0769079731 
-0.0577612272 
-0.0381719051 
-0.0182908553 
0.0017297725 
0.0217372061 
0.0415787322 
0.0611023775 
0.0801575862 
0.0985958933 
0.1162715883 
0.1330423689 
0.1487699816 
0.1633208452 
0.1765666574 
0.1883849799 
0.1986598003 
0.2072820694 
0.2141502105 
0.2191705998 
0.2222580149 
0.2233360509 
0.2223375007 
0.2192047001 
0.2138898343 
0.2063552056 
0.1965734614 
0.1845277801 
0.1702120161 
0.1536308016 
0.1347996058 
0.1137447499 
0.0905033794 
0.0651233923 
0.0376633240 
0.0081921890 
-0.0232107200 
-0.0564560746 
-0.0914447952 
-0.1280683748 
-0.1662092424 
-0.2057411643 
-0.2465296812 
-0.2884325811 
-0.3313004045 
-0.3749769815 
-0.4192999980 
-0.4641015894 
-0.5092089598 
-0.5544450236 
-0.5996290683 
-0.6445774347 
-0.6891042140 
-0.7330219566 
-0.7761423927 
-0.8182771596 
-0.8592385346 
-0.8988401709 
-0.9368978319 
-0.9732301231 
-1.0076592182 
-1.0400115764 
-1.0701186481 
-1.0978175675 
-1.1229518270 
-1.1453719344 
-1.1649360466 
-1.1815105799 
-1.1949707941 
-1.2052013469 
-1.2120968184 
-1.2155622012 
-1.2155133569 
-1.2118774351 
-1.2045932535 
-1.1936116388 
-1.1788957255 
-1.1604212119 
-1.1381765726 
-1.1121632256 
-1.0823956543 
-1.0489014827 
-1.0117215041 
-0.9709096623 
-0.9265329861 
-0.8786714762 
-0.8274179453 
-0.7728778112 
-0.7151688443 
-0.6544208691 
-0.5907754218 
-0.5243853641 
-0.4554144544 
-0.3840368788 
-0.3104367420 
-0.2348075205 
-0.1573514800 
-0.0782790587 
0.0021917816 
0.0838362344 
0.1664233546 
0.2497167903 
0.3334755372 
0.4174547127 
0.5014063484 
0.5850801969 
0.6682245504 
0.7505870696 
0.8319156172 
0.9119590971 
0.9904682921 
1.0671967006 
