461 2

  -1.0326399999999999e-02   2.1914599999999999e-02
  -2.1281700000000000e-03  -4.0270599999999997e-02
  -4.4407799999999997e-02  -3.2004499999999998e-02
  -3.8726200000000002e-02  -5.9943200000000002e-02
  -1.2559900000000000e-03  -1.1328500000000000e-01
   3.6820199999999997e-02  -1.5800600000000001e-01
   7.4338699999999994e-02  -2.0540600000000001e-01
   1.1783900000000000e-01  -2.4939000000000000e-01
   1.5971700000000000e-01  -2.8207800000000000e-01
   2.1540999999999999e-01  -3.3334000000000003e-01
   3.0821700000000002e-01  -3.3878700000000000e-01
   3.7846500000000000e-01  -3.3424700000000002e-01
   4.3704999999999999e-01  -3.2846300000000000e-01
   4.7656599999999999e-01  -3.5890699999999998e-01
   5.3853700000000004e-01  -3.6037400000000003e-01
   6.0813200000000001e-01  -3.6452800000000002e-01
   6.6118800000000000e-01  -3.5986899999999999e-01
   7.1966500000000000e-01  -3.4898299999999999e-01
   8.0148399999999997e-01  -3.1372800000000001e-01
   8.6706799999999995e-01  -3.1305200000000000e-01
   9.4677000000000000e-01  -3.0610999999999999e-01
   1.0025299999999999e+00  -3.0117200000000000e-01
   1.0788199999999999e+00  -2.8943500000000000e-01
   1.1820400000000000e+00  -2.7957100000000001e-01
   1.2570900000000000e+00  -2.7568100000000001e-01
   1.3167800000000001e+00  -2.7567500000000000e-01
   1.3732100000000000e+00  -2.7875600000000000e-01
   1.4614400000000001e+00  -2.7808699999999997e-01
   1.5373699999999999e+00  -2.8247000000000000e-01
   1.6546300000000000e+00  -2.8870200000000001e-01
   1.7357800000000001e+00  -2.8658499999999998e-01
   1.8110200000000001e+00  -2.8811100000000001e-01
   1.8735400000000000e+00  -3.1956499999999999e-01
   1.9350000000000001e+00  -3.3931200000000000e-01
   1.9923900000000001e+00  -3.6390400000000001e-01
   2.0355699999999999e+00  -3.9701999999999998e-01
   1.9397300000000000e+00  -2.8406100000000001e-01
   1.9431799999999999e+00  -3.4406599999999998e-01
   1.9557300000000000e+00  -4.5202399999999998e-01
   1.9455199999999999e+00  -5.4340299999999997e-01
   1.9632900000000000e+00  -5.0219400000000003e-01
   1.9055899999999999e+00  -5.2840699999999996e-01
   1.8433999999999999e+00  -5.4067100000000001e-01
   1.7932399999999999e+00  -5.5283400000000005e-01
   1.7228500000000000e+00  -5.5458900000000000e-01
   1.6553100000000001e+00  -5.7737200000000000e-01
   1.5996500000000000e+00  -5.9393899999999999e-01
   1.5230999999999999e+00  -5.8656699999999995e-01
   1.4598800000000001e+00  -5.7599999999999996e-01
   1.4138800000000000e+00  -5.7459499999999997e-01
   1.3305800000000001e+00  -5.4527300000000001e-01
   1.2733699999999999e+00  -5.3558399999999995e-01
   1.2215900000000000e+00  -5.2103699999999997e-01
   1.1589900000000000e+00  -5.1519599999999999e-01
   1.1031000000000000e+00  -5.0466299999999997e-01
   1.0513900000000000e+00  -4.9856600000000001e-01
   9.9220399999999997e-01  -4.8935499999999998e-01
   9.7226900000000005e-01  -4.8713499999999998e-01
   9.2414600000000002e-01  -4.8148700000000000e-01
   7.8224400000000005e-01  -4.7582500000000000e-01
   6.9613499999999995e-01  -4.6770299999999998e-01
   6.3291600000000003e-01  -4.5320500000000002e-01
   5.7417200000000002e-01  -4.4252700000000000e-01
   4.9670999999999998e-01  -4.3136500000000000e-01
   3.6914799999999998e-01  -4.0820200000000001e-01
   2.9657200000000000e-01  -3.9999099999999999e-01
   2.4212800000000001e-01  -3.9541100000000001e-01
   1.2089500000000000e-01  -3.8883099999999998e-01
   4.2111200000000001e-02  -3.7878000000000001e-01
  -1.9681400000000002e-02  -3.6596600000000001e-01
  -7.0134600000000005e-02  -3.4827500000000000e-01
  -4.1185800000000002e-02  -2.9977199999999998e-01
  -9.3405199999999997e-03  -3.7689499999999998e-01
   2.2822300000000000e-02  -3.9082200000000000e-01
   5.5091700000000000e-02  -3.5274100000000003e-01
   1.2322100000000000e-01  -3.3796999999999999e-01
   1.8015600000000001e-01  -3.3349200000000001e-01
   2.2767299999999999e-01  -2.8958800000000001e-01
   2.8338400000000002e-01  -2.6972800000000002e-01
   3.4705599999999998e-01  -2.3915200000000000e-01
   4.3846900000000000e-01  -2.0270099999999999e-01
   4.9624800000000002e-01  -1.9300200000000001e-01
   5.8983200000000002e-01  -1.7287500000000000e-01
   6.5078400000000003e-01  -1.6422000000000000e-01
   7.0379100000000006e-01  -1.6966999999999999e-01
   7.5751000000000002e-01  -1.7441200000000001e-01
   8.4103000000000006e-01  -1.9243800000000000e-01
   9.1015699999999999e-01  -2.1926399999999999e-01
   9.5595799999999997e-01  -2.2859399999999999e-01
   1.0250600000000001e+00  -2.4390100000000001e-01
   1.1111000000000000e+00  -2.6639099999999999e-01
   1.1659200000000001e+00  -2.8586099999999998e-01
   1.2382400000000000e+00  -3.1257499999999999e-01
   1.2902600000000000e+00  -3.5361199999999998e-01
   1.3569800000000001e+00  -3.6096600000000001e-01
   1.4333499999999999e+00  -3.6755199999999999e-01
   1.4953200000000000e+00  -3.6668899999999999e-01
   1.5753299999999999e+00  -3.7065900000000002e-01
   1.6691400000000001e+00  -3.7655600000000000e-01
   1.7449900000000000e+00  -3.7488100000000002e-01
   1.8152699999999999e+00  -3.7885600000000003e-01
   1.8919699999999999e+00  -4.2991000000000001e-01
   1.9641599999999999e+00  -4.3912200000000001e-01
   2.0277599999999998e+00  -4.5055099999999998e-01
   2.0853999999999999e+00  -4.5961200000000002e-01
   2.1329400000000001e+00  -4.6338099999999999e-01
   2.1695099999999998e+00  -4.6220000000000000e-01
   2.1800999999999999e+00  -4.0516099999999999e-01
   2.0958299999999999e+00  -4.0937499999999999e-01
   2.0536099999999999e+00  -4.5018999999999998e-01
   1.9821899999999999e+00  -4.6327800000000002e-01
   1.9130100000000001e+00  -4.5229100000000000e-01
   1.8784000000000001e+00  -3.9651999999999998e-01
   1.9210600000000000e+00  -3.2973900000000000e-01
   1.9132899999999999e+00  -2.9909500000000000e-01
   1.8840500000000000e+00  -2.6668300000000000e-01
   1.8434400000000000e+00  -2.3456500000000000e-01
   1.8004400000000000e+00  -2.2592400000000001e-01
   1.7375300000000000e+00  -2.2211100000000000e-01
   1.6690799999999999e+00  -2.2787399999999999e-01
   1.6098699999999999e+00  -2.5363300000000000e-01
   1.5542700000000000e+00  -3.0322399999999999e-01
   1.4970500000000000e+00  -3.7258900000000000e-01
   1.4414000000000000e+00  -3.7195400000000001e-01
   1.3830499999999999e+00  -4.3323899999999999e-01
   1.3152999999999999e+00  -4.6753699999999998e-01
   1.2000599999999999e+00  -4.5433400000000002e-01
   1.1345300000000000e+00  -4.4497900000000001e-01
   1.0670500000000001e+00  -4.3457899999999999e-01
   9.7410799999999997e-01  -4.4484400000000002e-01
   9.0293800000000002e-01  -4.7929200000000000e-01
   8.2983099999999999e-01  -4.7581200000000001e-01
   7.6864200000000005e-01  -4.6283700000000000e-01
   6.9289100000000003e-01  -4.5341900000000002e-01
   6.2862200000000001e-01  -4.3307400000000001e-01
   5.6576499999999996e-01  -4.1390399999999999e-01
   4.6765699999999999e-01  -3.4327900000000000e-01
   3.9774900000000002e-01  -3.3161299999999999e-01
   3.4834300000000001e-01  -2.8887800000000002e-01
   2.7779700000000002e-01  -2.4386600000000000e-01
   2.2146800000000000e-01  -2.0597299999999999e-01
   1.7792200000000000e-01  -1.5486800000000001e-01
   1.0106400000000000e-01  -1.2844000000000000e-01
   5.3400099999999999e-02  -9.4932500000000003e-02
   3.8535700000000002e-03  -8.2457600000000006e-02
  -3.9921999999999999e-02  -8.9391799999999993e-02
  -7.9171900000000003e-02  -1.0398900000000000e-01
  -2.2350299999999998e-03  -1.5495600000000001e-01
  -4.6746000000000003e-02  -2.3683299999999999e-01
  -9.4842399999999997e-03  -2.2589200000000001e-01
   4.3920500000000001e-02  -1.9411800000000001e-01
   1.1077099999999999e-01  -1.5250300000000000e-01
   1.7891799999999999e-01  -1.3228200000000001e-01
   2.2275200000000001e-01  -9.6969500000000000e-02
   2.6927699999999999e-01  -8.3254099999999998e-02
   3.2172600000000001e-01  -6.2210099999999997e-02
   3.8075100000000001e-01  -4.8575399999999998e-02
   4.4539800000000002e-01  -3.2832500000000001e-02
   5.0348400000000004e-01  -2.5290199999999999e-02
   5.6813899999999995e-01  -1.6486000000000001e-02
   6.2320600000000004e-01  -1.5815900000000001e-02
   6.7580499999999999e-01  -1.5103100000000000e-02
   7.3839399999999999e-01  -1.9201400000000000e-02
   7.9195800000000005e-01  -2.2946399999999999e-02
   8.5494999999999999e-01  -2.6150900000000001e-02
   9.1886500000000004e-01  -2.9673399999999999e-02
   9.6628199999999997e-01  -2.8447099999999999e-02
   1.0353600000000001e+00  -2.4864700000000000e-02
   1.1198200000000000e+00  -2.4698600000000001e-02
   1.1661900000000001e+00  -2.6037700000000000e-02
   1.2070799999999999e+00  -2.5477699999999999e-02
   1.2658199999999999e+00  -2.5766399999999998e-02
   1.3237900000000000e+00  -3.5447100000000002e-02
   1.3928100000000001e+00  -4.4968200000000000e-02
   1.4619500000000001e+00  -5.9054400000000000e-02
   1.5373800000000000e+00  -8.2001500000000005e-02
   1.6206900000000000e+00  -1.0666000000000000e-01
   1.6956800000000001e+00  -1.3825399999999999e-01
   1.7722800000000001e+00  -1.7322899999999999e-01
   1.8229299999999999e+00  -1.8688199999999999e-01
   1.8473700000000000e+00  -1.6039800000000001e-01
   1.8669899999999999e+00  -1.1763600000000000e-01
   1.8870100000000001e+00  -5.2794000000000001e-02
   1.9245099999999999e+00  -2.0142799999999998e-03
   1.9472499999999999e+00  -4.8240600000000002e-02
   1.9504699999999999e+00  -1.4414099999999999e-01
   1.9680400000000000e+00  -2.1017500000000000e-01
   2.0030500000000000e+00  -2.3149500000000001e-01
   2.0003700000000002e+00  -1.4583099999999999e-01
   1.9467200000000000e+00  -1.1628600000000000e-01
   1.8838699999999999e+00  -1.0969200000000000e-01
   1.8215900000000000e+00  -1.2147200000000000e-01
   1.7519100000000001e+00  -1.2978200000000001e-01
   1.6942500000000000e+00  -1.2997700000000001e-01
   1.6222600000000000e+00  -1.2260699999999999e-01
   1.5694100000000000e+00  -1.0596500000000000e-01
   1.5043800000000001e+00  -8.8385300000000000e-02
   1.4211499999999999e+00  -7.1334099999999998e-02
   1.3433299999999999e+00  -6.8844500000000003e-02
   1.2721600000000000e+00  -7.4694499999999997e-02
   1.2178599999999999e+00  -8.3273899999999998e-02
   1.1569600000000000e+00  -8.7660199999999994e-02
   1.0859600000000000e+00  -1.0139900000000000e-01
   1.0373200000000000e+00  -1.0622600000000000e-01
   9.8332600000000003e-01  -1.1431200000000000e-01
   9.2090600000000000e-01  -1.0625800000000001e-01
   8.4906300000000001e-01  -8.4728800000000007e-02
   7.4439000000000000e-01  -5.7175600000000000e-02
   6.6788099999999995e-01  -3.9751500000000002e-02
   5.9485399999999999e-01  -2.6405600000000001e-02
   5.2517899999999995e-01  -2.1573900000000000e-02
   4.2965100000000001e-01  -2.5614499999999998e-02
   3.6594100000000002e-01  -2.7398800000000001e-02
   2.8180800000000000e-01  -4.5077399999999997e-02
   1.8045900000000001e-01  -5.3325299999999999e-02
   1.1747000000000000e-01  -6.2720999999999999e-02
   4.5764300000000001e-02  -6.2580399999999994e-02
  -6.8823100000000000e-03  -5.1836599999999997e-02
  -5.6284700000000000e-02  -3.6180499999999997e-02
  -9.5200199999999999e-02  -3.0993200000000000e-03
  -1.3694200000000001e-01   4.5110600000000001e-02
  -1.7918899999999999e-01   8.0355499999999996e-02
  -1.4763100000000001e-01   3.2278699999999999e-03
  -8.2888600000000007e-02  -6.5250199999999994e-02
  -1.3048799999999999e-01  -3.1349200000000001e-02
  -1.1971500000000000e-01   3.6511200000000001e-04
  -4.9898600000000001e-02  -5.0074300000000002e-03
  -2.5011900000000000e-02  -8.3855800000000001e-03
  -5.8611000000000003e-02   5.3074900000000001e-02
  -8.2912200000000005e-02   1.0330200000000000e-01
  -9.3303100000000000e-02   1.3345499999999999e-01
  -5.1863800000000002e-02   1.5961800000000001e-01
  -1.8748700000000001e-03   1.8555500000000000e-01
   4.0956500000000000e-02   2.1339400000000000e-01
   8.9775300000000002e-02   2.4150300000000000e-01
   1.6157700000000000e-01   2.6196700000000001e-01
   2.2602900000000001e-01   3.0264600000000003e-01
   2.8685800000000000e-01   3.1677899999999998e-01
   3.3988699999999999e-01   3.1620399999999999e-01
   3.8654300000000003e-01   3.0930600000000003e-01
   4.6296999999999999e-01   3.0308700000000000e-01
   5.3708400000000001e-01   3.0391099999999999e-01
   6.0463000000000000e-01   3.0705700000000002e-01
   6.6912799999999995e-01   3.0745099999999997e-01
   7.4407599999999996e-01   3.1369799999999998e-01
   8.1223100000000004e-01   3.1430799999999998e-01
   8.9262200000000003e-01   3.0751899999999999e-01
   9.5317099999999999e-01   3.0639100000000002e-01
   1.0065999999999999e+00   3.0612099999999998e-01
   1.0655100000000000e+00   2.9945300000000002e-01
   1.1270500000000001e+00   2.9995300000000003e-01
   1.1921800000000000e+00   2.9926799999999998e-01
   1.2518499999999999e+00   2.9884300000000003e-01
   1.3369899999999999e+00   2.9692200000000002e-01
   1.3993700000000000e+00   2.8977000000000003e-01
   1.4762000000000000e+00   2.8499500000000000e-01
   1.5522899999999999e+00   2.7993499999999999e-01
   1.6251899999999999e+00   3.2255899999999998e-01
   1.7097300000000000e+00   2.7983700000000000e-01
   1.7935700000000001e+00   2.4996599999999999e-01
   1.8542600000000000e+00   2.3253199999999999e-01
   1.9012000000000000e+00   2.2215599999999999e-01
   1.9456700000000000e+00   2.1631900000000001e-01
   1.9904400000000000e+00   2.1051100000000000e-01
   2.0357799999999999e+00   2.0363500000000001e-01
   2.0737700000000001e+00   1.9454299999999999e-01
   2.0848100000000001e+00   1.6871400000000000e-01
   2.0766200000000001e+00   1.3057099999999999e-01
   2.0701800000000001e+00   1.9542499999999999e-01
   2.0291800000000002e+00   1.9772400000000001e-01
   1.9762900000000001e+00   2.0589800000000000e-01
   1.9174199999999999e+00   1.9499700000000000e-01
   1.8349899999999999e+00   1.8640000000000001e-01
   1.8363600000000000e+00   3.0281999999999998e-01
   1.8311900000000001e+00   7.5930899999999996e-02
   1.6870799999999999e+00  -6.5057800000000001e-03
   1.8895700000000000e+00   3.0686700000000000e-01
   1.8331299999999999e+00   3.2658500000000001e-01
   1.7731699999999999e+00   3.5419899999999999e-01
   1.7113100000000001e+00   3.7085299999999999e-01
   1.6555899999999999e+00   3.7162000000000001e-01
   1.6000900000000000e+00   3.7090000000000001e-01
   1.5351500000000000e+00   3.4974100000000002e-01
   1.4810000000000001e+00   3.3855000000000002e-01
   1.4166500000000000e+00   2.9693700000000001e-01
   1.3488100000000001e+00   2.4960700000000000e-01
   1.2866100000000000e+00   2.0468100000000000e-01
   1.2371200000000000e+00   1.8651400000000001e-01
   1.1908500000000000e+00   1.5967300000000001e-01
   1.1293500000000001e+00   1.4793600000000001e-01
   1.0743300000000000e+00   1.2485900000000000e-01
   1.0093099999999999e+00   1.3105000000000000e-01
   9.4968399999999997e-01   1.3756900000000000e-01
   8.9629199999999998e-01   1.4016000000000001e-01
   8.2132000000000005e-01   1.5912000000000001e-01
   7.7853499999999998e-01   1.6795399999999999e-01
   7.1131800000000001e-01   1.8724399999999999e-01
   6.3465300000000002e-01   1.9461400000000001e-01
   5.1097300000000001e-01   2.0548400000000000e-01
   4.4046500000000000e-01   2.1156400000000000e-01
   3.5287499999999999e-01   2.2284100000000001e-01
   2.6762399999999997e-01   2.3894199999999999e-01
   1.9187299999999999e-01   2.4651100000000001e-01
   1.2188800000000000e-01   2.6982200000000001e-01
   5.1270299999999998e-02   3.0261399999999999e-01
  -1.5436099999999999e-02   3.3575700000000003e-01
  -7.2950799999999996e-02   3.7096400000000002e-01
  -1.0662600000000000e-01   4.0959200000000001e-01
  -1.1427500000000000e-01   4.6358899999999997e-01
  -3.8797400000000003e-02   4.8062800000000000e-01
   2.4557099999999998e-02   5.2166999999999997e-01
   8.7515099999999998e-02   5.3039599999999998e-01
   1.3570699999999999e-01   5.2900100000000005e-01
   2.0167099999999999e-01   5.2380000000000004e-01
   2.3771500000000001e-01   5.1790099999999994e-01
   2.8571800000000003e-01   5.1372099999999998e-01
   3.4182000000000001e-01   4.9820799999999998e-01
   3.9413300000000001e-01   4.9556400000000000e-01
   4.4906200000000002e-01   4.9015999999999998e-01
   5.0344999999999995e-01   4.7940899999999997e-01
   5.5134000000000005e-01   4.7591499999999998e-01
   5.9897599999999995e-01   4.7537499999999999e-01
   6.7645400000000000e-01   4.8574200000000001e-01
   7.2869600000000001e-01   4.9197200000000002e-01
   7.9147900000000004e-01   4.8889400000000000e-01
   8.4547499999999998e-01   4.8560799999999998e-01
   9.3215999999999999e-01   4.7559499999999999e-01
   1.0068500000000000e+00   4.7492099999999998e-01
   1.0822499999999999e+00   4.9415599999999998e-01
   1.1559600000000001e+00   5.1636899999999997e-01
   1.2064900000000001e+00   5.2087099999999997e-01
   1.2669500000000000e+00   5.3220400000000001e-01
   1.3461500000000000e+00   5.5259800000000003e-01
   1.4319700000000000e+00   5.8070600000000006e-01
   1.5185299999999999e+00   6.0249399999999997e-01
   1.5824700000000000e+00   6.1515600000000004e-01
   1.6475299999999999e+00   5.9482800000000002e-01
   1.6981100000000000e+00   5.7499400000000001e-01
   1.7538000000000000e+00   5.5371700000000001e-01
   1.7947200000000001e+00   5.4931600000000003e-01
   1.8327000000000000e+00   5.4900700000000002e-01
   1.8858699999999999e+00   5.5880700000000005e-01
   1.9252100000000001e+00   5.8549700000000005e-01
   1.9424200000000000e+00   6.0623600000000000e-01
   1.9425600000000001e+00   4.9658400000000003e-01
   1.9455700000000000e+00   4.8257400000000000e-01
   1.9926299999999999e+00   5.2347500000000002e-01
   2.0115500000000002e+00   5.3386199999999995e-01
   2.0006599999999999e+00   4.6242600000000000e-01
   1.9779300000000000e+00   4.2581300000000000e-01
   2.0293899999999998e+00   4.5421299999999998e-01
   2.0014500000000002e+00   4.0391300000000002e-01
   1.9719400000000000e+00   3.5925099999999999e-01
   1.9339400000000000e+00   3.1662600000000002e-01
   1.9049799999999999e+00   2.6671000000000000e-01
   1.8625000000000000e+00   2.1456400000000000e-01
   1.8348500000000001e+00   1.7472399999999999e-01
   1.7999099999999999e+00   1.2877000000000000e-01
   1.7623200000000001e+00   1.0560899999999999e-01
   1.7156600000000000e+00   7.0093500000000003e-02
   1.6651700000000000e+00   4.1349499999999997e-02
   1.6158600000000001e+00   6.0513700000000004e-03
   1.5560600000000000e+00  -2.0344899999999999e-02
   1.4951300000000001e+00  -2.6372000000000000e-02
   1.4333700000000000e+00  -1.7942500000000000e-02
   1.3644799999999999e+00  -1.3603800000000000e-03
   1.3121600000000000e+00   1.4510600000000000e-02
   1.2368900000000000e+00   1.6883499999999999e-02
   1.1588000000000001e+00   1.5155099999999999e-02
   1.0825499999999999e+00   1.4746799999999999e-02
   1.0359600000000000e+00   1.8253800000000001e-02
   9.8780699999999999e-01   1.7666899999999999e-02
   9.2801000000000000e-01   6.0363500000000002e-03
   8.8829199999999997e-01  -2.5531099999999998e-04
   8.5485199999999995e-01  -9.5805200000000004e-03
   8.0633100000000002e-01  -2.1870600000000000e-02
   7.3178399999999999e-01  -4.5753599999999998e-02
   6.4133099999999998e-01  -6.9872799999999999e-02
   5.7136399999999998e-01  -8.8472700000000001e-02
   4.8276799999999997e-01  -1.0373700000000000e-01
   4.2427100000000001e-01  -1.1128000000000000e-01
   3.5182300000000000e-01  -1.1870799999999999e-01
   3.0736400000000003e-01  -1.2042400000000000e-01
   2.3144999999999999e-01  -1.2329700000000000e-01
   1.8876100000000001e-01  -1.2632800000000000e-01
   8.4492300000000006e-02  -1.1557199999999999e-01
   2.4906999999999999e-02  -1.1562799999999999e-01
  -2.3841200000000000e-02  -1.2194900000000000e-01
  -7.6669699999999993e-02  -1.1520700000000000e-01
  -1.2294600000000000e-01  -1.1685000000000000e-01
  -1.6669400000000001e-01  -1.1933700000000000e-01
  -9.1163300000000003e-02  -1.7081099999999999e-01
  -4.6658300000000000e-02  -2.1753400000000001e-01
  -1.1960199999999999e-03  -2.6360699999999998e-01
  -2.3154299999999999e-02  -3.2488099999999998e-01
  -3.4497600000000003e-02  -2.6562999999999998e-01
  -2.1344300000000000e-02  -2.2536500000000001e-01
   1.4101600000000001e-02  -1.6973600000000000e-01
   5.2171500000000003e-02  -1.1922300000000000e-01
   7.4028200000000002e-02  -4.9391299999999999e-02
   5.6806700000000002e-02  -2.1365800000000001e-02
   4.3897300000000000e-02  -3.5910999999999998e-02
   5.6243899999999999e-02  -9.4944799999999996e-03
   6.8036399999999997e-03   1.3066100000000001e-02
  -5.7274899999999997e-02   2.5118900000000000e-02
  -1.1022999999999999e-01   3.3681799999999998e-02
  -1.6522999999999999e-01   5.5853699999999999e-02
  -2.2720099999999999e-01   6.3838800000000001e-02
  -2.8423199999999998e-01   8.2420900000000005e-02
  -3.4154499999999999e-01   1.0446300000000000e-01
  -3.7712800000000002e-01   9.0203000000000005e-02
  -4.1016300000000000e-01   3.1867600000000003e-02
  -4.4309300000000001e-01  -2.4070299999999999e-02
  -4.6461700000000000e-01  -8.6597599999999997e-02
  -4.8054599999999997e-01  -1.2802500000000000e-01
  -4.7349200000000002e-01  -1.7839099999999999e-01
  -4.6339399999999997e-01  -2.3161999999999999e-01
  -4.4054599999999999e-01  -2.8178500000000001e-01
  -4.2399799999999999e-01  -3.4250000000000003e-01
  -3.8197300000000001e-01  -2.7803400000000000e-01
  -3.4677799999999998e-01  -2.0335200000000000e-01
  -3.7210399999999999e-01  -2.4887100000000001e-01
  -3.9889700000000000e-01  -2.0211499999999999e-01
  -4.1529899999999997e-01  -1.4306400000000000e-01
  -4.3379400000000001e-01  -5.6864199999999997e-02
  -4.5179399999999997e-01   1.3673800000000000e-02
  -4.6233500000000000e-01   7.7182200000000006e-02
  -4.5782299999999998e-01   1.4885999999999999e-01
  -4.2961500000000002e-01   1.9912900000000000e-01
  -3.9502700000000002e-01   2.4132500000000001e-01
  -3.2127400000000000e-01   2.3939299999999999e-01
  -2.7746799999999999e-01   1.9459299999999999e-01
  -2.7833100000000000e-01   1.3874900000000001e-01
  -2.9674400000000001e-01   1.5245100000000000e-01
  -3.4193800000000002e-01   1.9076199999999999e-01
  -4.1403099999999998e-01   2.0915400000000001e-01
  -4.6957300000000002e-01   2.2308800000000001e-01
  -5.1010000000000000e-01   2.5744800000000001e-01
  -4.5567000000000002e-01   2.1740399999999999e-01
  -3.9911300000000000e-01   2.0533399999999999e-01
  -3.0740499999999998e-01   2.0565700000000001e-01
  -2.4380800000000000e-01   2.0829900000000001e-01
  -1.7049300000000001e-01   2.0952299999999999e-01
  -9.7610000000000002e-02   2.0291100000000001e-01
  -2.4334100000000001e-02   1.9216800000000001e-01
   3.4313999999999997e-02   1.7450800000000000e-01
   6.0026700000000002e-02   1.5940799999999999e-01
   7.2076100000000004e-02   1.7940200000000001e-01
   8.7068999999999994e-02   1.2555500000000000e-01
   7.6122099999999998e-02   7.2849600000000000e-02
   5.2206900000000001e-02   4.5064300000000002e-02
   2.9557000000000000e-02  -2.3726700000000000e-02
   3.3309199999999998e-03  -8.4868299999999994e-02
  -1.3996300000000000e-03  -1.5116499999999999e-01
   5.1078900000000003e-02  -1.9852600000000001e-01
   7.9190300000000005e-02  -1.9981699999999999e-01
   5.6487299999999997e-02  -1.4201500000000000e-01
   5.6880000000000000e-02  -6.8987300000000001e-02
   7.6109200000000002e-02  -5.7920699999999999e-02
   1.0092300000000000e-01  -4.5121700000000001e-02
   1.5248500000000001e-01  -8.6426000000000003e-02
