461 1

   2.9523100000000002e-04
  -2.0866700000000001e-03
  -6.4789600000000003e-02
  -3.6366099999999998e-02
  -2.8001300000000000e-02
  -4.2420199999999998e-02
  -2.6998299999999999e-02
  -3.5902000000000003e-02
  -4.6912400000000000e-02
  -4.3819799999999999e-02
  -5.5706899999999997e-02
  -4.2767300000000001e-02
  -5.8035600000000000e-02
  -4.8480400000000000e-02
  -6.4289799999999994e-02
  -6.2165600000000001e-02
  -7.1183499999999997e-02
  -6.1274599999999999e-02
  -7.0102300000000006e-02
  -7.0953199999999994e-02
  -8.1532099999999996e-02
  -7.9890600000000006e-02
  -8.8320899999999994e-02
  -1.0076700000000000e-01
  -8.6818599999999996e-02
  -8.7904399999999994e-02
  -9.4411300000000004e-02
  -9.1434000000000001e-02
  -8.9387099999999997e-02
  -1.0074900000000001e-01
  -9.9182400000000004e-02
  -9.0710399999999997e-02
  -9.1555999999999998e-02
  -1.0118000000000001e-01
  -1.0203800000000000e-01
  -9.4313999999999995e-02
  -1.2839999999999999e-01
  -1.1488600000000000e-01
  -1.0723299999999999e-01
  -1.0990200000000000e-01
  -8.3891199999999999e-02
  -8.7307300000000004e-02
  -9.7001400000000002e-02
  -7.7191200000000001e-02
  -7.2094900000000003e-02
  -6.7940700000000007e-02
  -6.7152600000000007e-02
   2.8385500000000002e-01
   2.9742299999999999e-01
  -6.8462700000000001e-02
   6.7109500000000000e-01
   6.5273400000000004e-01
   5.2140900000000001e-01
   5.2336899999999997e-01
   5.0769699999999995e-01
   5.2391500000000002e-01
   5.1854599999999995e-01
   5.3430599999999995e-01
  -1.5616600000000000e-02
   8.0491399999999998e-03
   2.4073700000000000e-02
   1.9314700000000001e-02
   1.8491199999999999e-02
   2.1247499999999999e-02
  -6.5970200000000003e-03
  -4.7494000000000000e-03
  -3.3129600000000002e-02
  -4.8724700000000003e-02
  -5.8305799999999998e-02
  -5.6112500000000003e-02
  -4.8213300000000001e-02
  -1.8900500000000001e-02
  -2.6997199999999999e-02
  -6.4560099999999995e-02
  -6.0090600000000001e-02
  -4.4042100000000001e-02
  -4.6752299999999997e-02
  -5.9361600000000000e-02
  -6.0694699999999997e-02
  -5.1426199999999998e-02
  -6.2440700000000002e-02
  -4.6223599999999997e-02
  -6.0524099999999997e-02
  -4.2095399999999998e-02
  -3.3723299999999998e-02
  -4.6318999999999999e-02
  -4.5151400000000001e-02
  -3.3548599999999998e-02
  -6.8573499999999996e-02
  -9.5770599999999997e-02
  -9.4862400000000000e-02
  -9.6010600000000001e-02
  -1.1014900000000000e-01
  -1.0966200000000000e-01
  -1.2658600000000000e-01
  -1.2308400000000000e-01
  -1.2819100000000000e-01
  -1.2135500000000000e-01
  -1.0248100000000000e-01
  -9.8857299999999995e-02
  -9.0333100000000000e-02
  -5.8583700000000002e-02
  -4.8047500000000000e-02
  -5.8336100000000002e-02
  -6.1867699999999998e-02
  -7.8950099999999995e-02
  -1.1491899999999999e-01
  -1.2325999999999999e-01
  -1.1790200000000001e-01
  -1.0475200000000000e-01
  -1.1570900000000001e-01
  -1.2230600000000000e-01
  -1.2103500000000000e-01
  -1.2766600000000000e-01
  -8.6008100000000004e-02
  -6.2355500000000001e-02
  -5.8553200000000000e-02
  -4.5551399999999999e-02
  -3.1800700000000001e-02
  -3.2240400000000002e-02
  -3.8713100000000000e-02
  -4.1613700000000003e-02
  -4.5913200000000001e-02
  -3.2759700000000003e-02
  -3.5422200000000001e-02
  -2.8273300000000001e-02
   4.5987800000000001e-01
   4.6768700000000002e-01
   4.8982599999999998e-01
   5.0653000000000004e-01
  -1.1640599999999999e-02
  -1.4226400000000000e-02
  -6.8904600000000002e-03
  -9.1763200000000000e-03
  -1.3399100000000001e-02
  -4.1992499999999999e-03
  -2.9110400000000002e-02
  -5.3467800000000003e-02
  -6.1192099999999999e-02
  -6.6979800000000006e-02
  -7.3647099999999993e-02
  -3.8105699999999999e-02
  -3.0147100000000000e-02
  -2.1818100000000000e-02
   2.6148800000000000e-03
  -6.6463399999999997e-03
  -1.8293700000000000e-02
  -3.3933300000000000e-03
  -4.2516199999999997e-02
  -5.6082399999999998e-02
  -5.7990199999999999e-02
  -4.7244000000000001e-02
  -6.2494700000000000e-02
  -6.7229899999999995e-02
  -5.4040900000000003e-02
  -8.9629600000000004e-02
  -6.8081400000000000e-02
  -7.7557799999999996e-02
  -7.6634400000000005e-02
  -7.6010800000000003e-02
  -8.1851599999999997e-02
  -2.0611000000000001e-02
  -1.9961699999999998e-03
   1.2588500000000001e-02
   7.1976000000000002e-03
   1.2775300000000000e-02
   2.2656699999999998e-02
   1.4880000000000001e-02
   3.1313200000000002e-01
   3.2456099999999999e-01
   1.6133400000000001e-01
   1.8702299999999999e-01
   1.7171700000000001e-01
   9.1284699999999996e-03
  -9.4728699999999996e-03
  -6.9726700000000003e-02
  -8.5584599999999997e-02
  -7.3248800000000003e-02
  -6.3599900000000001e-02
  -6.9357000000000002e-02
  -9.5452499999999996e-02
  -1.1875700000000000e-01
  -1.3622899999999999e-01
  -1.0189800000000000e-01
  -7.8037999999999996e-02
  -9.0514100000000000e-02
  -1.1118500000000001e-01
  -1.1997400000000000e-01
  -9.1922400000000001e-02
  -8.5597599999999996e-02
  -6.9289500000000004e-02
  -6.6157499999999994e-02
  -6.9492600000000002e-02
  -7.0845400000000003e-02
  -7.2555300000000003e-02
  -6.0601500000000003e-02
  -6.2627500000000003e-02
  -6.3493800000000003e-02
   2.4845300000000001e-02
   3.9276400000000003e-02
   1.9574400000000000e-01
   1.6860000000000000e-01
   6.1270199999999997e-02
   4.9359399999999998e-02
   4.3281600000000003e-02
   4.5290999999999998e-02
   4.8039600000000002e-02
   4.5630999999999998e-02
   1.3378700000000000e-02
   2.4407500000000002e-03
   8.1433600000000005e-03
  -1.4014200000000000e-03
   8.5199799999999999e-03
  -3.6791100000000000e-02
  -4.3209400000000002e-02
  -6.5288799999999994e-02
  -5.8304700000000001e-02
  -3.6890199999999998e-02
  -3.7813399999999997e-02
  -2.1545200000000000e-02
  -1.7966500000000000e-02
  -5.1449200000000000e-02
  -1.9441699999999999e-02
  -1.8004400000000000e-04
  -8.1147999999999998e-02
  -3.0468300000000000e-02
   4.4818000000000002e-03
  -6.8258599999999996e-03
  -2.1618700000000001e-02
  -2.9986499999999999e-02
  -6.3213599999999995e-02
  -5.9986400000000002e-02
  -4.2547300000000003e-02
  -1.6053300000000000e-02
  -3.2116699999999998e-02
  -4.6191900000000001e-02
  -4.8915399999999998e-02
  -5.6677100000000001e-02
  -4.4727999999999997e-02
  -5.2204700000000000e-02
  -6.7475900000000005e-02
  -7.5131799999999999e-02
  -6.5859600000000004e-02
   1.9971100000000000e-01
   3.8790500000000000e-01
   4.1353499999999999e-01
   4.1891800000000001e-01
   4.3635000000000002e-01
   4.3361300000000003e-01
   4.3618499999999999e-01
   4.3646299999999999e-01
   4.2455399999999999e-01
   4.1973700000000003e-01
   4.1017399999999998e-01
   3.9930800000000000e-01
   3.8044200000000000e-01
   3.4497800000000001e-01
  -3.9973700000000001e-02
  -5.7124200000000000e-02
  -6.7511000000000002e-02
  -6.4320500000000003e-02
  -8.0474299999999999e-02
  -9.5070299999999996e-02
  -1.0878200000000000e-01
  -1.0352200000000000e-01
  -1.0090499999999999e-01
  -8.5511799999999999e-02
  -7.6481199999999999e-02
  -8.7357900000000002e-02
  -8.0832699999999993e-02
  -8.7770399999999998e-02
  -7.8511600000000001e-02
  -3.4636800000000002e-02
  -3.8971600000000002e-02
  -3.4493500000000003e-02
  -7.8506500000000007e-03
  -6.2736100000000003e-02
  -9.6298800000000004e-02
  -7.9168900000000000e-02
  -7.3202900000000001e-02
  -6.4312999999999995e-02
  -7.8428800000000007e-02
  -6.0198900000000000e-02
  -6.1816999999999997e-02
   3.9717900000000000e-01
   4.3911299999999998e-01
   4.6895999999999999e-01
   4.8242900000000000e-01
   4.9513800000000002e-01
   4.6528900000000001e-01
   4.6099299999999999e-01
   4.7009800000000002e-01
   4.6439799999999998e-01
   4.6520299999999998e-01
   4.5409600000000000e-01
   9.4674099999999997e-02
   2.1807399999999999e-01
   5.7677800000000001e-02
  -1.7866199999999999e-02
  -1.4756399999999999e-02
  -1.8227100000000000e-02
  -2.0372800000000000e-02
  -3.7491200000000002e-02
  -5.4581499999999998e-02
  -4.7654400000000000e-02
  -4.7608600000000001e-02
  -4.9135499999999999e-02
  -4.6069800000000001e-02
  -5.4169399999999999e-02
  -4.3655600000000003e-02
  -4.7317300000000000e-02
  -3.3604500000000002e-02
  -4.4293699999999998e-02
  -4.6222800000000001e-02
  -6.8013599999999994e-02
  -6.7580799999999996e-02
  -6.8968299999999996e-02
  -4.9159399999999999e-02
  -4.8995999999999998e-02
  -4.6843500000000003e-02
  -6.2616199999999997e-02
  -6.1218500000000002e-02
   3.9277600000000001e-01
   4.2313400000000001e-01
   4.0876299999999999e-01
   4.2179000000000000e-01
   4.2676999999999998e-01
   4.0718599999999999e-01
   4.0713199999999999e-01
   3.9909800000000001e-01
   4.2210100000000000e-01
   4.3545299999999998e-01
   4.2290899999999998e-01
   4.2288900000000001e-01
  -1.2620899999999999e-02
   1.9152800000000001e-03
  -4.7618300000000002e-02
  -4.7167000000000001e-02
  -6.0379700000000001e-02
  -6.6401500000000002e-02
  -9.6436800000000003e-02
  -8.4375800000000001e-02
  -7.5480199999999997e-02
  -5.6881000000000001e-02
   4.2117300000000003e-02
  -3.6564100000000002e-02
  -9.4694000000000000e-02
  -7.2368299999999997e-02
  -9.5962800000000001e-02
  -1.0190399999999999e-01
  -7.6226799999999997e-02
  -6.9661600000000004e-02
  -7.7694600000000003e-02
  -7.7482499999999996e-02
  -9.7309000000000007e-02
  -1.0564900000000001e-01
  -8.3856299999999995e-02
  -7.9118900000000006e-02
  -6.5644200000000000e-02
  -5.6816499999999999e-02
  -6.7764699999999997e-02
  -6.1086700000000001e-02
  -5.3560200000000002e-02
  -5.8279800000000000e-02
  -5.3211700000000001e-02
   2.5859500000000001e-02
   4.8390200000000001e-02
   2.2765299999999999e-01
   3.8096200000000002e-01
   3.6462099999999997e-01
   3.9268599999999998e-01
   3.6451400000000000e-01
   3.6445800000000000e-01
   4.1753200000000001e-01
   1.0375600000000000e-01
   8.2547300000000004e-02
   8.0930500000000002e-02
   6.6996399999999998e-02
   4.1754500000000000e-02
   1.8944400000000000e-02
  -3.2512900000000000e-03
  -5.0523100000000000e-03
  -4.3350100000000003e-02
  -4.0408800000000002e-02
  -8.0204899999999996e-02
  -6.9648799999999997e-02
  -8.2575899999999994e-02
  -8.6014800000000002e-02
  -8.8658699999999993e-02
  -6.9238300000000003e-02
  -4.1813200000000002e-02
  -6.4893900000000003e-03
  -1.1773000000000000e-02
  -2.9100299999999999e-02
  -4.9639999999999997e-02
  -1.0227600000000001e-01
  -7.0615600000000001e-02
  -2.3692100000000001e-02
   1.0444800000000001e-02
   1.1469500000000001e-02
  -3.0150600000000000e-02
  -1.9858799999999999e-02
   4.0848099999999998e-02
   4.3280500000000000e-02
   3.5784200000000002e-02
   4.1269200000000001e-03
  -1.3901000000000000e-02
  -1.5911999999999999e-02
  -1.4665399999999999e-03
  -5.7931499999999995e-04
   2.4535600000000001e-02
   2.3887300000000000e-02
   1.0830800000000000e-02
  -7.2221400000000002e-03
   3.2375799999999999e-03
  -5.8424899999999997e-03
  -9.9235699999999996e-03
   4.2006900000000000e-03
   2.2595100000000000e-02
   2.1579400000000001e-03
   4.2857899999999997e-02
   8.8668099999999993e-03
   2.0633100000000001e-02
   1.5368900000000000e-02
   1.1012700000000000e-02
   1.0740899999999999e-02
  -1.5283700000000001e-02
   1.1544199999999999e-02
   1.4768200000000000e-02
  -1.0879300000000000e-03
   2.7717599999999998e-02
   4.0932700000000002e-02
   9.2795499999999995e-04
   4.5558700000000001e-02
   2.1589899999999999e-02
  -2.2608099999999998e-03
  -3.5527599999999999e-03
  -5.0267100000000002e-02
  -3.5293100000000001e-02
  -6.6668800000000000e-03
   4.0067000000000002e-03
   1.5656900000000001e-02
   1.1066200000000000e-02
   3.4098999999999997e-02
   6.0230100000000002e-02
   3.9733400000000002e-02
   5.5837500000000002e-03
  -1.4102999999999999e-02
   2.2268000000000000e-02
   7.1175800000000001e-03
   2.6284700000000001e-02
   6.6946100000000001e-03
   2.2483400000000001e-03
  -2.0234700000000001e-02
   7.6175599999999998e-03
  -1.0590400000000000e-02
  -1.5326299999999999e-02
  -2.7486199999999999e-02
   1.6364600000000000e-02
   1.9643799999999999e-02
   2.9871700000000001e-02
