133 1

   0.0000000000000000e+00
  -1.3000000000000000e+00
  -2.7000000000000002e+00
   0.0000000000000000e+00
  -2.7000000000000002e+00
  -2.7000000000000002e+00
  -2.7000000000000002e+00
  -1.3000000000000000e+00
  -2.7000000000000002e+00
  -2.7000000000000002e+00
  -1.3000000000000000e+00
  -2.7000000000000002e+00
  -2.7000000000000002e+00
  -2.7000000000000002e+00
  -5.4000000000000004e+00
  -2.7000000000000002e+00
  -5.4000000000000004e+00
   0.0000000000000000e+00
  -2.7000000000000002e+00
  -2.7000000000000002e+00
   0.0000000000000000e+00
  -1.3300000000000001e+01
  -5.4000000000000004e+00
  -5.4000000000000004e+00
  -9.3000000000000007e+00
  -1.6000000000000000e+01
  -2.2800000000000001e+01
  -2.7000000000000002e+00
  -2.2800000000000001e+01
  -3.2100000000000001e+01
  -5.3500000000000000e+01
  -5.4899999999999999e+01
  -4.0200000000000003e+01
  -2.1500000000000000e+01
  -2.1500000000000000e+01
  -5.0799999999999997e+01
  -4.2899999999999999e+01
  -2.6800000000000001e+01
  -2.1500000000000000e+01
  -5.0799999999999997e+01
  -6.1700000000000003e+01
  -5.4000000000000004e+00
  -8.0400000000000006e+01
  -5.9000000000000000e+01
  -7.1000000000000000e+01
  -9.1099999999999994e+01
  -7.7700000000000003e+01
  -3.7500000000000000e+01
  -8.5599999999999994e+01
  -1.2309999999999999e+02
  -1.0190000000000001e+02
  -9.9099999999999994e+01
  -1.0440000000000001e+02
  -1.1250000000000000e+02
  -5.0799999999999997e+01
  -1.2309999999999999e+02
  -8.5599999999999994e+01
  -7.2299999999999997e+01
  -1.2720000000000000e+02
  -1.2309999999999999e+02
  -1.1790000000000001e+02
  -1.3400000000000000e+02
  -1.0190000000000001e+02
  -1.0840000000000001e+02
  -1.2309999999999999e+02
  -1.2309999999999999e+02
  -1.2850000000000000e+02
  -1.1250000000000000e+02
  -9.5099999999999994e+01
  -8.1799999999999997e+01
  -5.3500000000000000e+01
  -6.4400000000000006e+01
  -5.7600000000000001e+01
  -7.2299999999999997e+01
  -4.4299999999999997e+01
  -2.6800000000000001e+01
  -5.4000000000000004e+00
  -1.0709999999999999e+02
  -2.1500000000000000e+01
  -6.5599999999999994e+01
  -1.6000000000000000e+01
  -4.5600000000000001e+01
  -2.4199999999999999e+01
   9.5000000000000000e+00
   4.0000000000000000e+00
   1.2000000000000000e+01
  -2.1500000000000000e+01
   3.7500000000000000e+01
   4.6899999999999999e+01
  -1.7399999999999999e+01
   3.6200000000000003e+01
   7.5000000000000000e+01
   8.0999999999999996e+00
   5.4899999999999999e+01
   4.8200000000000003e+01
   4.6899999999999999e+01
   1.6000000000000000e+01
   4.5600000000000001e+01
   1.3000000000000000e+00
   7.5000000000000000e+01
  -1.6000000000000000e+01
  -5.4899999999999999e+01
   6.9599999999999994e+01
   3.4799999999999997e+01
   3.2100000000000001e+01
  -3.7500000000000000e+01
   2.2800000000000001e+01
   4.6899999999999999e+01
   1.0699999999999999e+01
   5.4000000000000004e+00
  -1.3000000000000000e+00
  -2.1500000000000000e+01
  -1.3300000000000001e+01
   3.0800000000000001e+01
  -1.0699999999999999e+01
   2.9399999999999999e+01
   0.0000000000000000e+00
  -1.0699999999999999e+01
   1.4699999999999999e+01
  -1.3000000000000000e+00
   0.0000000000000000e+00
   1.0699999999999999e+01
   1.0699999999999999e+01
  -2.6800000000000001e+01
  -1.4699999999999999e+01
  -1.3300000000000001e+01
   0.0000000000000000e+00
   1.0699999999999999e+01
  -1.4699999999999999e+01
  -2.7000000000000002e+00
   1.0699999999999999e+01
  -2.7000000000000002e+00
   1.0699999999999999e+01
