500 1

2.40000 
2.51062 
2.62124 
2.73186 
2.84248 
2.95311 
3.06373 
3.17435 
3.28497 
3.39559 
3.50621 
3.61683 
3.72745 
3.83808 
3.94870 
4.05932 
4.16994 
4.28056 
4.39118 
4.50180 
4.61242 
4.72305 
4.83367 
4.94429 
5.05491 
5.16553 
5.27615 
5.38677 
5.49739 
5.60802 
5.71864 
5.82926 
5.93988 
6.05050 
6.16112 
6.27174 
6.38236 
6.49299 
6.60361 
6.71423 
6.82485 
6.93547 
7.04609 
7.15671 
7.26733 
7.37796 
7.48858 
7.59920 
7.70982 
7.82044 
7.93106 
8.04168 
8.15230 
8.26293 
8.37355 
8.48417 
8.59479 
8.70541 
8.81603 
8.92665 
9.03727 
9.14790 
9.25852 
9.36914 
9.47976 
9.59038 
9.70100 
9.81162 
9.92224 
10.03287 
10.14349 
10.25411 
10.36473 
10.47535 
10.58597 
10.69659 
10.80721 
10.91784 
11.02846 
11.13908 
11.24970 
11.36032 
11.47094 
11.58156 
11.69218 
11.80281 
11.91343 
12.02405 
12.13467 
12.24529 
12.35591 
12.46653 
12.57715 
12.68778 
12.79840 
12.90902 
13.01964 
13.13026 
13.24088 
13.35150 
13.46212 
13.57275 
13.68337 
13.79399 
13.90461 
14.01523 
14.12585 
14.23647 
14.34709 
14.45772 
14.56834 
14.67896 
14.78958 
14.90020 
15.01082 
15.12144 
15.23206 
15.34269 
15.45331 
15.56393 
15.67455 
15.78517 
15.89579 
16.00641 
16.11703 
16.22766 
16.33828 
16.44890 
16.55952 
16.67014 
16.78076 
16.89138 
17.00200 
17.11263 
17.22325 
17.33387 
17.44449 
17.55511 
17.66573 
17.77635 
17.88697 
17.99760 
18.10822 
18.21884 
18.32946 
18.44008 
18.55070 
18.66132 
18.77194 
18.88257 
18.99319 
19.10381 
19.21443 
19.32505 
19.43567 
19.54629 
19.65691 
19.76754 
19.87816 
19.98878 
20.09940 
20.21002 
20.32064 
20.43126 
20.54188 
20.65251 
20.76313 
20.87375 
20.98437 
21.09499 
21.20561 
21.31623 
21.42685 
21.53747 
21.64810 
21.75872 
21.86934 
21.97996 
22.09058 
22.20120 
22.31182 
22.42244 
22.53307 
22.64369 
22.75431 
22.86493 
22.97555 
23.08617 
23.19679 
23.30741 
23.41804 
23.52866 
23.63928 
23.74990 
23.86052 
23.97114 
24.08176 
24.19238 
24.30301 
24.41363 
24.52425 
24.63487 
24.74549 
24.85611 
24.96673 
25.07735 
25.18798 
25.29860 
25.40922 
25.51984 
25.63046 
25.74108 
25.85170 
25.96232 
26.07295 
26.18357 
26.29419 
26.40481 
26.51543 
26.62605 
26.73667 
26.84729 
26.95792 
27.06854 
27.17916 
27.28978 
27.40040 
27.51102 
27.62164 
27.73226 
27.84289 
27.95351 
28.06413 
28.17475 
28.28537 
28.39599 
28.50661 
28.61723 
28.72786 
28.83848 
28.94910 
29.05972 
29.17034 
29.28096 
29.39158 
29.50220 
29.61283 
29.72345 
29.83407 
29.94469 
30.05531 
30.16593 
30.27655 
30.38717 
30.49780 
30.60842 
30.71904 
30.82966 
30.94028 
31.05090 
31.16152 
31.27214 
31.38277 
31.49339 
31.60401 
31.71463 
31.82525 
31.93587 
32.04649 
32.15711 
32.26774 
32.37836 
32.48898 
32.59960 
32.71022 
32.82084 
32.93146 
33.04208 
33.15271 
33.26333 
33.37395 
33.48457 
33.59519 
33.70581 
33.81643 
33.92705 
34.03768 
34.14830 
34.25892 
34.36954 
34.48016 
34.59078 
34.70140 
34.81202 
34.92265 
35.03327 
35.14389 
35.25451 
35.36513 
35.47575 
35.58637 
35.69699 
35.80762 
35.91824 
36.02886 
36.13948 
36.25010 
36.36072 
36.47134 
36.58196 
36.69259 
36.80321 
36.91383 
37.02445 
37.13507 
37.24569 
37.35631 
37.46693 
37.57756 
37.68818 
37.79880 
37.90942 
38.02004 
38.13066 
38.24128 
38.35190 
38.46253 
38.57315 
38.68377 
38.79439 
38.90501 
39.01563 
39.12625 
39.23687 
39.34749 
39.45812 
39.56874 
39.67936 
39.78998 
39.90060 
40.01122 
40.12184 
40.23246 
40.34309 
40.45371 
40.56433 
40.67495 
40.78557 
40.89619 
41.00681 
41.11743 
41.22806 
41.33868 
41.44930 
41.55992 
41.67054 
41.78116 
41.89178 
42.00240 
42.11303 
42.22365 
42.33427 
42.44489 
42.55551 
42.66613 
42.77675 
42.88737 
42.99800 
43.10862 
43.21924 
43.32986 
43.44048 
43.55110 
43.66172 
43.77234 
43.88297 
43.99359 
44.10421 
44.21483 
44.32545 
44.43607 
44.54669 
44.65731 
44.76794 
44.87856 
44.98918 
45.09980 
45.21042 
45.32104 
45.43166 
45.54228 
45.65291 
45.76353 
45.87415 
45.98477 
46.09539 
46.20601 
46.31663 
46.42725 
46.53788 
46.64850 
46.75912 
46.86974 
46.98036 
47.09098 
47.20160 
47.31222 
47.42285 
47.53347 
47.64409 
47.75471 
47.86533 
47.97595 
48.08657 
48.19719 
48.30782 
48.41844 
48.52906 
48.63968 
48.75030 
48.86092 
48.97154 
49.08216 
49.19279 
49.30341 
49.41403 
49.52465 
49.63527 
49.74589 
49.85651 
49.96713 
50.07776 
50.18838 
50.29900 
50.40962 
50.52024 
50.63086 
50.74148 
50.85210 
50.96273 
51.07335 
51.18397 
51.29459 
51.40521 
51.51583 
51.62645 
51.73707 
51.84770 
51.95832 
52.06894 
52.17956 
52.29018 
52.40080 
52.51142 
52.62204 
52.73267 
52.84329 
52.95391 
53.06453 
53.17515 
53.28577 
53.39639 
53.50701 
53.61764 
53.72826 
53.83888 
53.94950 
54.06012 
54.17074 
54.28136 
54.39198 
54.50261 
54.61323 
54.72385 
54.83447 
54.94509 
55.05571 
55.16633 
55.27695 
55.38758 
55.49820 
55.60882 
55.71944 
55.83006 
55.94068 
56.05130 
56.16192 
56.27255 
56.38317 
56.49379 
56.60441 
56.71503 
56.82565 
56.93627 
57.04689 
57.15752 
57.26814 
57.37876 
57.48938 
57.60000 
