133 1

   2.3999999999999999e+00
   2.6000000000000001e+00
   3.2000000000000002e+00
   3.6000000000000001e+00
   4.0000000000000000e+00
   6.2000000000000002e+00
   6.5999999999999996e+00
   6.7999999999999998e+00
   7.7999999999999998e+00
   8.1999999999999993e+00
   8.8000000000000007e+00
   8.8000000000000007e+00
   9.5999999999999996e+00
   1.0000000000000000e+01
   1.0199999999999999e+01
   1.0600000000000000e+01
   1.1000000000000000e+01
   1.1400000000000000e+01
   1.3199999999999999e+01
   1.3600000000000000e+01
   1.3800000000000001e+01
   1.4600000000000000e+01
   1.4600000000000000e+01
   1.4600000000000000e+01
   1.4600000000000000e+01
   1.4600000000000000e+01
   1.4600000000000000e+01
   1.4800000000000001e+01
   1.5400000000000000e+01
   1.5400000000000000e+01
   1.5400000000000000e+01
   1.5400000000000000e+01
   1.5600000000000000e+01
   1.5600000000000000e+01
   1.5800000000000001e+01
   1.5800000000000001e+01
   1.6000000000000000e+01
   1.6000000000000000e+01
   1.6199999999999999e+01
   1.6199999999999999e+01
   1.6199999999999999e+01
   1.6399999999999999e+01
   1.6399999999999999e+01
   1.6600000000000001e+01
   1.6800000000000001e+01
   1.6800000000000001e+01
   1.6800000000000001e+01
   1.7600000000000001e+01
   1.7600000000000001e+01
   1.7600000000000001e+01
   1.7600000000000001e+01
   1.7800000000000001e+01
   1.7800000000000001e+01
   1.8600000000000001e+01
   1.8600000000000001e+01
   1.9199999999999999e+01
   1.9399999999999999e+01
   1.9399999999999999e+01
   1.9600000000000001e+01
   2.0199999999999999e+01
   2.0399999999999999e+01
   2.1199999999999999e+01
   2.1399999999999999e+01
   2.1800000000000001e+01
   2.2000000000000000e+01
   2.3199999999999999e+01
   2.3399999999999999e+01
   2.4000000000000000e+01
   2.4199999999999999e+01
   2.4199999999999999e+01
   2.4600000000000001e+01
   2.5000000000000000e+01
   2.5000000000000000e+01
   2.5399999999999999e+01
   2.5399999999999999e+01
   2.5600000000000001e+01
   2.6000000000000000e+01
   2.6199999999999999e+01
   2.6199999999999999e+01
   2.6399999999999999e+01
   2.7000000000000000e+01
   2.7199999999999999e+01
   2.7199999999999999e+01
   2.7199999999999999e+01
   2.7600000000000001e+01
   2.8199999999999999e+01
   2.8399999999999999e+01
   2.8399999999999999e+01
   2.8600000000000001e+01
   2.9399999999999999e+01
   3.0199999999999999e+01
   3.1000000000000000e+01
   3.1199999999999999e+01
   3.2000000000000000e+01
   3.2000000000000000e+01
   3.2799999999999997e+01
   3.3399999999999999e+01
   3.3799999999999997e+01
   3.4399999999999999e+01
   3.4799999999999997e+01
   3.5200000000000003e+01
   3.5200000000000003e+01
   3.5399999999999999e+01
   3.5600000000000001e+01
   3.5600000000000001e+01
   3.6200000000000003e+01
   3.6200000000000003e+01
   3.8000000000000000e+01
   3.8000000000000000e+01
   3.9200000000000003e+01
   3.9399999999999999e+01
   4.0000000000000000e+01
   4.0399999999999999e+01
   4.1600000000000001e+01
   4.1600000000000001e+01
   4.2399999999999999e+01
   4.2799999999999997e+01
   4.2799999999999997e+01
   4.3000000000000000e+01
   4.4000000000000000e+01
   4.4399999999999999e+01
   4.5000000000000000e+01
   4.6600000000000001e+01
   4.7799999999999997e+01
   4.7799999999999997e+01
   4.8799999999999997e+01
   5.0600000000000001e+01
   5.2000000000000000e+01
   5.3200000000000003e+01
   5.5000000000000000e+01
   5.5000000000000000e+01
   5.5399999999999999e+01
   5.7600000000000001e+01
