3375 2

-1.01010 -1.09394 
-1.01010 -1.04394 
-1.01010 -0.99394 
-1.01010 -0.94394 
-1.01010 -0.89394 
-1.01010 -0.84394 
-1.01010 -0.79394 
-1.01010 -0.74394 
-1.01010 -0.69394 
-1.01010 -0.64394 
-1.01010 -0.59394 
-1.01010 -0.54394 
-1.01010 -0.49394 
-1.01010 -0.44394 
-1.01010 -0.39394 
-1.01010 -0.34394 
-1.01010 -0.29394 
-1.01010 -0.24394 
-1.01010 -0.19394 
-1.01010 -0.14394 
-1.01010 -0.09394 
-1.01010 -0.04394 
-1.01010 0.00606 
-1.01010 0.05606 
-1.01010 0.10606 
-1.01010 0.15606 
-1.01010 0.20606 
-1.01010 0.25606 
-1.01010 0.30606 
-1.01010 0.35606 
-1.01010 0.40606 
-1.01010 0.45606 
-1.01010 0.50606 
-1.01010 0.55606 
-1.01010 0.60606 
-1.01010 0.65606 
-1.01010 0.70606 
-1.01010 0.75606 
-1.01010 0.80606 
-1.01010 0.85606 
-1.01010 0.90606 
-1.01010 0.95606 
-1.01010 1.00606 
-1.01010 1.05606 
-1.01010 1.10606 
-0.96010 -1.09394 
-0.96010 -1.04394 
-0.96010 -0.99394 
-0.96010 -0.94394 
-0.96010 -0.89394 
-0.96010 -0.84394 
-0.96010 -0.79394 
-0.96010 -0.74394 
-0.96010 -0.69394 
-0.96010 -0.64394 
-0.96010 -0.59394 
-0.96010 -0.54394 
-0.96010 -0.49394 
-0.96010 -0.44394 
-0.96010 -0.39394 
-0.96010 -0.34394 
-0.96010 -0.29394 
-0.96010 -0.24394 
-0.96010 -0.19394 
-0.96010 -0.14394 
-0.96010 -0.09394 
-0.96010 -0.04394 
-0.96010 0.00606 
-0.96010 0.05606 
-0.96010 0.10606 
-0.96010 0.15606 
-0.96010 0.20606 
-0.96010 0.25606 
-0.96010 0.30606 
-0.96010 0.35606 
-0.96010 0.40606 
-0.96010 0.45606 
-0.96010 0.50606 
-0.96010 0.55606 
-0.96010 0.60606 
-0.96010 0.65606 
-0.96010 0.70606 
-0.96010 0.75606 
-0.96010 0.80606 
-0.96010 0.85606 
-0.96010 0.90606 
-0.96010 0.95606 
-0.96010 1.00606 
-0.96010 1.05606 
-0.96010 1.10606 
-0.91010 -1.09394 
-0.91010 -1.04394 
-0.91010 -0.99394 
-0.91010 -0.94394 
-0.91010 -0.89394 
-0.91010 -0.84394 
-0.91010 -0.79394 
-0.91010 -0.74394 
-0.91010 -0.69394 
-0.91010 -0.64394 
-0.91010 -0.59394 
-0.91010 -0.54394 
-0.91010 -0.49394 
-0.91010 -0.44394 
-0.91010 -0.39394 
-0.91010 -0.34394 
-0.91010 -0.29394 
-0.91010 -0.24394 
-0.91010 -0.19394 
-0.91010 -0.14394 
-0.91010 -0.09394 
-0.91010 -0.04394 
-0.91010 0.00606 
-0.91010 0.05606 
-0.91010 0.10606 
-0.91010 0.15606 
-0.91010 0.20606 
-0.91010 0.25606 
-0.91010 0.30606 
-0.91010 0.35606 
-0.91010 0.40606 
-0.91010 0.45606 
-0.91010 0.50606 
-0.91010 0.55606 
-0.91010 0.60606 
-0.91010 0.65606 
-0.91010 0.70606 
-0.91010 0.75606 
-0.91010 0.80606 
-0.91010 0.85606 
-0.91010 0.90606 
-0.91010 0.95606 
-0.91010 1.00606 
-0.91010 1.05606 
-0.91010 1.10606 
-0.86010 -1.09394 
-0.86010 -1.04394 
-0.86010 -0.99394 
-0.86010 -0.94394 
-0.86010 -0.89394 
-0.86010 -0.84394 
-0.86010 -0.79394 
-0.86010 -0.74394 
-0.86010 -0.69394 
-0.86010 -0.64394 
-0.86010 -0.59394 
-0.86010 -0.54394 
-0.86010 -0.49394 
-0.86010 -0.44394 
-0.86010 -0.39394 
-0.86010 -0.34394 
-0.86010 -0.29394 
-0.86010 -0.24394 
-0.86010 -0.19394 
-0.86010 -0.14394 
-0.86010 -0.09394 
-0.86010 -0.04394 
-0.86010 0.00606 
-0.86010 0.05606 
-0.86010 0.10606 
-0.86010 0.15606 
-0.86010 0.20606 
-0.86010 0.25606 
-0.86010 0.30606 
-0.86010 0.35606 
-0.86010 0.40606 
-0.86010 0.45606 
-0.86010 0.50606 
-0.86010 0.55606 
-0.86010 0.60606 
-0.86010 0.65606 
-0.86010 0.70606 
-0.86010 0.75606 
-0.86010 0.80606 
-0.86010 0.85606 
-0.86010 0.90606 
-0.86010 0.95606 
-0.86010 1.00606 
-0.86010 1.05606 
-0.86010 1.10606 
-0.81010 -1.09394 
-0.81010 -1.04394 
-0.81010 -0.99394 
-0.81010 -0.94394 
-0.81010 -0.89394 
-0.81010 -0.84394 
-0.81010 -0.79394 
-0.81010 -0.74394 
-0.81010 -0.69394 
-0.81010 -0.64394 
-0.81010 -0.59394 
-0.81010 -0.54394 
-0.81010 -0.49394 
-0.81010 -0.44394 
-0.81010 -0.39394 
-0.81010 -0.34394 
-0.81010 -0.29394 
-0.81010 -0.24394 
-0.81010 -0.19394 
-0.81010 -0.14394 
-0.81010 -0.09394 
-0.81010 -0.04394 
-0.81010 0.00606 
-0.81010 0.05606 
-0.81010 0.10606 
-0.81010 0.15606 
-0.81010 0.20606 
-0.81010 0.25606 
-0.81010 0.30606 
-0.81010 0.35606 
-0.81010 0.40606 
-0.81010 0.45606 
-0.81010 0.50606 
-0.81010 0.55606 
-0.81010 0.60606 
-0.81010 0.65606 
-0.81010 0.70606 
-0.81010 0.75606 
-0.81010 0.80606 
-0.81010 0.85606 
-0.81010 0.90606 
-0.81010 0.95606 
-0.81010 1.00606 
-0.81010 1.05606 
-0.81010 1.10606 
-0.76010 -1.09394 
-0.76010 -1.04394 
-0.76010 -0.99394 
-0.76010 -0.94394 
-0.76010 -0.89394 
-0.76010 -0.84394 
-0.76010 -0.79394 
-0.76010 -0.74394 
-0.76010 -0.69394 
-0.76010 -0.64394 
-0.76010 -0.59394 
-0.76010 -0.54394 
-0.76010 -0.49394 
-0.76010 -0.44394 
-0.76010 -0.39394 
-0.76010 -0.34394 
-0.76010 -0.29394 
-0.76010 -0.24394 
-0.76010 -0.19394 
-0.76010 -0.14394 
-0.76010 -0.09394 
-0.76010 -0.04394 
-0.76010 0.00606 
-0.76010 0.05606 
-0.76010 0.10606 
-0.76010 0.15606 
-0.76010 0.20606 
-0.76010 0.25606 
-0.76010 0.30606 
-0.76010 0.35606 
-0.76010 0.40606 
-0.76010 0.45606 
-0.76010 0.50606 
-0.76010 0.55606 
-0.76010 0.60606 
-0.76010 0.65606 
-0.76010 0.70606 
-0.76010 0.75606 
-0.76010 0.80606 
-0.76010 0.85606 
-0.76010 0.90606 
-0.76010 0.95606 
-0.76010 1.00606 
-0.76010 1.05606 
-0.76010 1.10606 
-0.71010 -1.09394 
-0.71010 -1.04394 
-0.71010 -0.99394 
-0.71010 -0.94394 
-0.71010 -0.89394 
-0.71010 -0.84394 
-0.71010 -0.79394 
-0.71010 -0.74394 
-0.71010 -0.69394 
-0.71010 -0.64394 
-0.71010 -0.59394 
-0.71010 -0.54394 
-0.71010 -0.49394 
-0.71010 -0.44394 
-0.71010 -0.39394 
-0.71010 -0.34394 
-0.71010 -0.29394 
-0.71010 -0.24394 
-0.71010 -0.19394 
-0.71010 -0.14394 
-0.71010 -0.09394 
-0.71010 -0.04394 
-0.71010 0.00606 
-0.71010 0.05606 
-0.71010 0.10606 
-0.71010 0.15606 
-0.71010 0.20606 
-0.71010 0.25606 
-0.71010 0.30606 
-0.71010 0.35606 
-0.71010 0.40606 
-0.71010 0.45606 
-0.71010 0.50606 
-0.71010 0.55606 
-0.71010 0.60606 
-0.71010 0.65606 
-0.71010 0.70606 
-0.71010 0.75606 
-0.71010 0.80606 
-0.71010 0.85606 
-0.71010 0.90606 
-0.71010 0.95606 
-0.71010 1.00606 
-0.71010 1.05606 
-0.71010 1.10606 
-0.66010 -1.09394 
-0.66010 -1.04394 
-0.66010 -0.99394 
-0.66010 -0.94394 
-0.66010 -0.89394 
-0.66010 -0.84394 
-0.66010 -0.79394 
-0.66010 -0.74394 
-0.66010 -0.69394 
-0.66010 -0.64394 
-0.66010 -0.59394 
-0.66010 -0.54394 
-0.66010 -0.49394 
-0.66010 -0.44394 
-0.66010 -0.39394 
-0.66010 -0.34394 
-0.66010 -0.29394 
-0.66010 -0.24394 
-0.66010 -0.19394 
-0.66010 -0.14394 
-0.66010 -0.09394 
-0.66010 -0.04394 
-0.66010 0.00606 
-0.66010 0.05606 
-0.66010 0.10606 
-0.66010 0.15606 
-0.66010 0.20606 
-0.66010 0.25606 
-0.66010 0.30606 
-0.66010 0.35606 
-0.66010 0.40606 
-0.66010 0.45606 
-0.66010 0.50606 
-0.66010 0.55606 
-0.66010 0.60606 
-0.66010 0.65606 
-0.66010 0.70606 
-0.66010 0.75606 
-0.66010 0.80606 
-0.66010 0.85606 
-0.66010 0.90606 
-0.66010 0.95606 
-0.66010 1.00606 
-0.66010 1.05606 
-0.66010 1.10606 
-0.61010 -1.09394 
-0.61010 -1.04394 
-0.61010 -0.99394 
-0.61010 -0.94394 
-0.61010 -0.89394 
-0.61010 -0.84394 
-0.61010 -0.79394 
-0.61010 -0.74394 
-0.61010 -0.69394 
-0.61010 -0.64394 
-0.61010 -0.59394 
-0.61010 -0.54394 
-0.61010 -0.49394 
-0.61010 -0.44394 
-0.61010 -0.39394 
-0.61010 -0.34394 
-0.61010 -0.29394 
-0.61010 -0.24394 
-0.61010 -0.19394 
-0.61010 -0.14394 
-0.61010 -0.09394 
-0.61010 -0.04394 
-0.61010 0.00606 
-0.61010 0.05606 
-0.61010 0.10606 
-0.61010 0.15606 
-0.61010 0.20606 
-0.61010 0.25606 
-0.61010 0.30606 
-0.61010 0.35606 
-0.61010 0.40606 
-0.61010 0.45606 
-0.61010 0.50606 
-0.61010 0.55606 
-0.61010 0.60606 
-0.61010 0.65606 
-0.61010 0.70606 
-0.61010 0.75606 
-0.61010 0.80606 
-0.61010 0.85606 
-0.61010 0.90606 
-0.61010 0.95606 
-0.61010 1.00606 
-0.61010 1.05606 
-0.61010 1.10606 
-0.56010 -1.09394 
-0.56010 -1.04394 
-0.56010 -0.99394 
-0.56010 -0.94394 
-0.56010 -0.89394 
-0.56010 -0.84394 
-0.56010 -0.79394 
-0.56010 -0.74394 
-0.56010 -0.69394 
-0.56010 -0.64394 
-0.56010 -0.59394 
-0.56010 -0.54394 
-0.56010 -0.49394 
-0.56010 -0.44394 
-0.56010 -0.39394 
-0.56010 -0.34394 
-0.56010 -0.29394 
-0.56010 -0.24394 
-0.56010 -0.19394 
-0.56010 -0.14394 
-0.56010 -0.09394 
-0.56010 -0.04394 
-0.56010 0.00606 
-0.56010 0.05606 
-0.56010 0.10606 
-0.56010 0.15606 
-0.56010 0.20606 
-0.56010 0.25606 
-0.56010 0.30606 
-0.56010 0.35606 
-0.56010 0.40606 
-0.56010 0.45606 
-0.56010 0.50606 
-0.56010 0.55606 
-0.56010 0.60606 
-0.56010 0.65606 
-0.56010 0.70606 
-0.56010 0.75606 
-0.56010 0.80606 
-0.56010 0.85606 
-0.56010 0.90606 
-0.56010 0.95606 
-0.56010 1.00606 
-0.56010 1.05606 
-0.56010 1.10606 
-0.51010 -1.09394 
-0.51010 -1.04394 
-0.51010 -0.99394 
-0.51010 -0.94394 
-0.51010 -0.89394 
-0.51010 -0.84394 
-0.51010 -0.79394 
-0.51010 -0.74394 
-0.51010 -0.69394 
-0.51010 -0.64394 
-0.51010 -0.59394 
-0.51010 -0.54394 
-0.51010 -0.49394 
-0.51010 -0.44394 
-0.51010 -0.39394 
-0.51010 -0.34394 
-0.51010 -0.29394 
-0.51010 -0.24394 
-0.51010 -0.19394 
-0.51010 -0.14394 
-0.51010 -0.09394 
-0.51010 -0.04394 
-0.51010 0.00606 
-0.51010 0.05606 
-0.51010 0.10606 
-0.51010 0.15606 
-0.51010 0.20606 
-0.51010 0.25606 
-0.51010 0.30606 
-0.51010 0.35606 
-0.51010 0.40606 
-0.51010 0.45606 
-0.51010 0.50606 
-0.51010 0.55606 
-0.51010 0.60606 
-0.51010 0.65606 
-0.51010 0.70606 
-0.51010 0.75606 
-0.51010 0.80606 
-0.51010 0.85606 
-0.51010 0.90606 
-0.51010 0.95606 
-0.51010 1.00606 
-0.51010 1.05606 
-0.51010 1.10606 
-0.46010 -1.09394 
-0.46010 -1.04394 
-0.46010 -0.99394 
-0.46010 -0.94394 
-0.46010 -0.89394 
-0.46010 -0.84394 
-0.46010 -0.79394 
-0.46010 -0.74394 
-0.46010 -0.69394 
-0.46010 -0.64394 
-0.46010 -0.59394 
-0.46010 -0.54394 
-0.46010 -0.49394 
-0.46010 -0.44394 
-0.46010 -0.39394 
-0.46010 -0.34394 
-0.46010 -0.29394 
-0.46010 -0.24394 
-0.46010 -0.19394 
-0.46010 -0.14394 
-0.46010 -0.09394 
-0.46010 -0.04394 
-0.46010 0.00606 
-0.46010 0.05606 
-0.46010 0.10606 
-0.46010 0.15606 
-0.46010 0.20606 
-0.46010 0.25606 
-0.46010 0.30606 
-0.46010 0.35606 
-0.46010 0.40606 
-0.46010 0.45606 
-0.46010 0.50606 
-0.46010 0.55606 
-0.46010 0.60606 
-0.46010 0.65606 
-0.46010 0.70606 
-0.46010 0.75606 
-0.46010 0.80606 
-0.46010 0.85606 
-0.46010 0.90606 
-0.46010 0.95606 
-0.46010 1.00606 
-0.46010 1.05606 
-0.46010 1.10606 
-0.41010 -1.09394 
-0.41010 -1.04394 
-0.41010 -0.99394 
-0.41010 -0.94394 
-0.41010 -0.89394 
-0.41010 -0.84394 
-0.41010 -0.79394 
-0.41010 -0.74394 
-0.41010 -0.69394 
-0.41010 -0.64394 
-0.41010 -0.59394 
-0.41010 -0.54394 
-0.41010 -0.49394 
-0.41010 -0.44394 
-0.41010 -0.39394 
-0.41010 -0.34394 
-0.41010 -0.29394 
-0.41010 -0.24394 
-0.41010 -0.19394 
-0.41010 -0.14394 
-0.41010 -0.09394 
-0.41010 -0.04394 
-0.41010 0.00606 
-0.41010 0.05606 
-0.41010 0.10606 
-0.41010 0.15606 
-0.41010 0.20606 
-0.41010 0.25606 
-0.41010 0.30606 
-0.41010 0.35606 
-0.41010 0.40606 
-0.41010 0.45606 
-0.41010 0.50606 
-0.41010 0.55606 
-0.41010 0.60606 
-0.41010 0.65606 
-0.41010 0.70606 
-0.41010 0.75606 
-0.41010 0.80606 
-0.41010 0.85606 
-0.41010 0.90606 
-0.41010 0.95606 
-0.41010 1.00606 
-0.41010 1.05606 
-0.41010 1.10606 
-0.36010 -1.09394 
-0.36010 -1.04394 
-0.36010 -0.99394 
-0.36010 -0.94394 
-0.36010 -0.89394 
-0.36010 -0.84394 
-0.36010 -0.79394 
-0.36010 -0.74394 
-0.36010 -0.69394 
-0.36010 -0.64394 
-0.36010 -0.59394 
-0.36010 -0.54394 
-0.36010 -0.49394 
-0.36010 -0.44394 
-0.36010 -0.39394 
-0.36010 -0.34394 
-0.36010 -0.29394 
-0.36010 -0.24394 
-0.36010 -0.19394 
-0.36010 -0.14394 
-0.36010 -0.09394 
-0.36010 -0.04394 
-0.36010 0.00606 
-0.36010 0.05606 
-0.36010 0.10606 
-0.36010 0.15606 
-0.36010 0.20606 
-0.36010 0.25606 
-0.36010 0.30606 
-0.36010 0.35606 
-0.36010 0.40606 
-0.36010 0.45606 
-0.36010 0.50606 
-0.36010 0.55606 
-0.36010 0.60606 
-0.36010 0.65606 
-0.36010 0.70606 
-0.36010 0.75606 
-0.36010 0.80606 
-0.36010 0.85606 
-0.36010 0.90606 
-0.36010 0.95606 
-0.36010 1.00606 
-0.36010 1.05606 
-0.36010 1.10606 
-0.31010 -1.09394 
-0.31010 -1.04394 
-0.31010 -0.99394 
-0.31010 -0.94394 
-0.31010 -0.89394 
-0.31010 -0.84394 
-0.31010 -0.79394 
-0.31010 -0.74394 
-0.31010 -0.69394 
-0.31010 -0.64394 
-0.31010 -0.59394 
-0.31010 -0.54394 
-0.31010 -0.49394 
-0.31010 -0.44394 
-0.31010 -0.39394 
-0.31010 -0.34394 
-0.31010 -0.29394 
-0.31010 -0.24394 
-0.31010 -0.19394 
-0.31010 -0.14394 
-0.31010 -0.09394 
-0.31010 -0.04394 
-0.31010 0.00606 
-0.31010 0.05606 
-0.31010 0.10606 
-0.31010 0.15606 
-0.31010 0.20606 
-0.31010 0.25606 
-0.31010 0.30606 
-0.31010 0.35606 
-0.31010 0.40606 
-0.31010 0.45606 
-0.31010 0.50606 
-0.31010 0.55606 
-0.31010 0.60606 
-0.31010 0.65606 
-0.31010 0.70606 
-0.31010 0.75606 
-0.31010 0.80606 
-0.31010 0.85606 
-0.31010 0.90606 
-0.31010 0.95606 
-0.31010 1.00606 
-0.31010 1.05606 
-0.31010 1.10606 
-0.26010 -1.09394 
-0.26010 -1.04394 
-0.26010 -0.99394 
-0.26010 -0.94394 
-0.26010 -0.89394 
-0.26010 -0.84394 
-0.26010 -0.79394 
-0.26010 -0.74394 
-0.26010 -0.69394 
-0.26010 -0.64394 
-0.26010 -0.59394 
-0.26010 -0.54394 
-0.26010 -0.49394 
-0.26010 -0.44394 
-0.26010 -0.39394 
-0.26010 -0.34394 
-0.26010 -0.29394 
-0.26010 -0.24394 
-0.26010 -0.19394 
-0.26010 -0.14394 
-0.26010 -0.09394 
-0.26010 -0.04394 
-0.26010 0.00606 
-0.26010 0.05606 
-0.26010 0.10606 
-0.26010 0.15606 
-0.26010 0.20606 
-0.26010 0.25606 
-0.26010 0.30606 
-0.26010 0.35606 
-0.26010 0.40606 
-0.26010 0.45606 
-0.26010 0.50606 
-0.26010 0.55606 
-0.26010 0.60606 
-0.26010 0.65606 
-0.26010 0.70606 
-0.26010 0.75606 
-0.26010 0.80606 
-0.26010 0.85606 
-0.26010 0.90606 
-0.26010 0.95606 
-0.26010 1.00606 
-0.26010 1.05606 
-0.26010 1.10606 
-0.21010 -1.09394 
-0.21010 -1.04394 
-0.21010 -0.99394 
-0.21010 -0.94394 
-0.21010 -0.89394 
-0.21010 -0.84394 
-0.21010 -0.79394 
-0.21010 -0.74394 
-0.21010 -0.69394 
-0.21010 -0.64394 
-0.21010 -0.59394 
-0.21010 -0.54394 
-0.21010 -0.49394 
-0.21010 -0.44394 
-0.21010 -0.39394 
-0.21010 -0.34394 
-0.21010 -0.29394 
-0.21010 -0.24394 
-0.21010 -0.19394 
-0.21010 -0.14394 
-0.21010 -0.09394 
-0.21010 -0.04394 
-0.21010 0.00606 
-0.21010 0.05606 
-0.21010 0.10606 
-0.21010 0.15606 
-0.21010 0.20606 
-0.21010 0.25606 
-0.21010 0.30606 
-0.21010 0.35606 
-0.21010 0.40606 
-0.21010 0.45606 
-0.21010 0.50606 
-0.21010 0.55606 
-0.21010 0.60606 
-0.21010 0.65606 
-0.21010 0.70606 
-0.21010 0.75606 
-0.21010 0.80606 
-0.21010 0.85606 
-0.21010 0.90606 
-0.21010 0.95606 
-0.21010 1.00606 
-0.21010 1.05606 
-0.21010 1.10606 
-0.16010 -1.09394 
-0.16010 -1.04394 
-0.16010 -0.99394 
-0.16010 -0.94394 
-0.16010 -0.89394 
-0.16010 -0.84394 
-0.16010 -0.79394 
-0.16010 -0.74394 
-0.16010 -0.69394 
-0.16010 -0.64394 
-0.16010 -0.59394 
-0.16010 -0.54394 
-0.16010 -0.49394 
-0.16010 -0.44394 
-0.16010 -0.39394 
-0.16010 -0.34394 
-0.16010 -0.29394 
-0.16010 -0.24394 
-0.16010 -0.19394 
-0.16010 -0.14394 
-0.16010 -0.09394 
-0.16010 -0.04394 
-0.16010 0.00606 
-0.16010 0.05606 
-0.16010 0.10606 
-0.16010 0.15606 
-0.16010 0.20606 
-0.16010 0.25606 
-0.16010 0.30606 
-0.16010 0.35606 
-0.16010 0.40606 
-0.16010 0.45606 
-0.16010 0.50606 
-0.16010 0.55606 
-0.16010 0.60606 
-0.16010 0.65606 
-0.16010 0.70606 
-0.16010 0.75606 
-0.16010 0.80606 
-0.16010 0.85606 
-0.16010 0.90606 
-0.16010 0.95606 
-0.16010 1.00606 
-0.16010 1.05606 
-0.16010 1.10606 
-0.11010 -1.09394 
-0.11010 -1.04394 
-0.11010 -0.99394 
-0.11010 -0.94394 
-0.11010 -0.89394 
-0.11010 -0.84394 
-0.11010 -0.79394 
-0.11010 -0.74394 
-0.11010 -0.69394 
-0.11010 -0.64394 
-0.11010 -0.59394 
-0.11010 -0.54394 
-0.11010 -0.49394 
-0.11010 -0.44394 
-0.11010 -0.39394 
-0.11010 -0.34394 
-0.11010 -0.29394 
-0.11010 -0.24394 
-0.11010 -0.19394 
-0.11010 -0.14394 
-0.11010 -0.09394 
-0.11010 -0.04394 
-0.11010 0.00606 
-0.11010 0.05606 
-0.11010 0.10606 
-0.11010 0.15606 
-0.11010 0.20606 
-0.11010 0.25606 
-0.11010 0.30606 
-0.11010 0.35606 
-0.11010 0.40606 
-0.11010 0.45606 
-0.11010 0.50606 
-0.11010 0.55606 
-0.11010 0.60606 
-0.11010 0.65606 
-0.11010 0.70606 
-0.11010 0.75606 
-0.11010 0.80606 
-0.11010 0.85606 
-0.11010 0.90606 
-0.11010 0.95606 
-0.11010 1.00606 
-0.11010 1.05606 
-0.11010 1.10606 
-0.06010 -1.09394 
-0.06010 -1.04394 
-0.06010 -0.99394 
-0.06010 -0.94394 
-0.06010 -0.89394 
-0.06010 -0.84394 
-0.06010 -0.79394 
-0.06010 -0.74394 
-0.06010 -0.69394 
-0.06010 -0.64394 
-0.06010 -0.59394 
-0.06010 -0.54394 
-0.06010 -0.49394 
-0.06010 -0.44394 
-0.06010 -0.39394 
-0.06010 -0.34394 
-0.06010 -0.29394 
-0.06010 -0.24394 
-0.06010 -0.19394 
-0.06010 -0.14394 
-0.06010 -0.09394 
-0.06010 -0.04394 
-0.06010 0.00606 
-0.06010 0.05606 
-0.06010 0.10606 
-0.06010 0.15606 
-0.06010 0.20606 
-0.06010 0.25606 
-0.06010 0.30606 
-0.06010 0.35606 
-0.06010 0.40606 
-0.06010 0.45606 
-0.06010 0.50606 
-0.06010 0.55606 
-0.06010 0.60606 
-0.06010 0.65606 
-0.06010 0.70606 
-0.06010 0.75606 
-0.06010 0.80606 
-0.06010 0.85606 
-0.06010 0.90606 
-0.06010 0.95606 
-0.06010 1.00606 
-0.06010 1.05606 
-0.06010 1.10606 
-0.01010 -1.09394 
-0.01010 -1.04394 
-0.01010 -0.99394 
-0.01010 -0.94394 
-0.01010 -0.89394 
-0.01010 -0.84394 
-0.01010 -0.79394 
-0.01010 -0.74394 
-0.01010 -0.69394 
-0.01010 -0.64394 
-0.01010 -0.59394 
-0.01010 -0.54394 
-0.01010 -0.49394 
-0.01010 -0.44394 
-0.01010 -0.39394 
-0.01010 -0.34394 
-0.01010 -0.29394 
-0.01010 -0.24394 
-0.01010 -0.19394 
-0.01010 -0.14394 
-0.01010 -0.09394 
-0.01010 -0.04394 
-0.01010 0.00606 
-0.01010 0.05606 
-0.01010 0.10606 
-0.01010 0.15606 
-0.01010 0.20606 
-0.01010 0.25606 
-0.01010 0.30606 
-0.01010 0.35606 
-0.01010 0.40606 
-0.01010 0.45606 
-0.01010 0.50606 
-0.01010 0.55606 
-0.01010 0.60606 
-0.01010 0.65606 
-0.01010 0.70606 
-0.01010 0.75606 
-0.01010 0.80606 
-0.01010 0.85606 
-0.01010 0.90606 
-0.01010 0.95606 
-0.01010 1.00606 
-0.01010 1.05606 
-0.01010 1.10606 
0.03990 -1.09394 
0.03990 -1.04394 
0.03990 -0.99394 
0.03990 -0.94394 
0.03990 -0.89394 
0.03990 -0.84394 
0.03990 -0.79394 
0.03990 -0.74394 
0.03990 -0.69394 
0.03990 -0.64394 
0.03990 -0.59394 
0.03990 -0.54394 
0.03990 -0.49394 
0.03990 -0.44394 
0.03990 -0.39394 
0.03990 -0.34394 
0.03990 -0.29394 
0.03990 -0.24394 
0.03990 -0.19394 
0.03990 -0.14394 
0.03990 -0.09394 
0.03990 -0.04394 
0.03990 0.00606 
0.03990 0.05606 
0.03990 0.10606 
0.03990 0.15606 
0.03990 0.20606 
0.03990 0.25606 
0.03990 0.30606 
0.03990 0.35606 
0.03990 0.40606 
0.03990 0.45606 
0.03990 0.50606 
0.03990 0.55606 
0.03990 0.60606 
0.03990 0.65606 
0.03990 0.70606 
0.03990 0.75606 
0.03990 0.80606 
0.03990 0.85606 
0.03990 0.90606 
0.03990 0.95606 
0.03990 1.00606 
0.03990 1.05606 
0.03990 1.10606 
0.08990 -1.09394 
0.08990 -1.04394 
0.08990 -0.99394 
0.08990 -0.94394 
0.08990 -0.89394 
0.08990 -0.84394 
0.08990 -0.79394 
0.08990 -0.74394 
0.08990 -0.69394 
0.08990 -0.64394 
0.08990 -0.59394 
0.08990 -0.54394 
0.08990 -0.49394 
0.08990 -0.44394 
0.08990 -0.39394 
0.08990 -0.34394 
0.08990 -0.29394 
0.08990 -0.24394 
0.08990 -0.19394 
0.08990 -0.14394 
0.08990 -0.09394 
0.08990 -0.04394 
0.08990 0.00606 
0.08990 0.05606 
0.08990 0.10606 
0.08990 0.15606 
0.08990 0.20606 
0.08990 0.25606 
0.08990 0.30606 
0.08990 0.35606 
0.08990 0.40606 
0.08990 0.45606 
0.08990 0.50606 
0.08990 0.55606 
0.08990 0.60606 
0.08990 0.65606 
0.08990 0.70606 
0.08990 0.75606 
0.08990 0.80606 
0.08990 0.85606 
0.08990 0.90606 
0.08990 0.95606 
0.08990 1.00606 
0.08990 1.05606 
0.08990 1.10606 
0.13990 -1.09394 
0.13990 -1.04394 
0.13990 -0.99394 
0.13990 -0.94394 
0.13990 -0.89394 
0.13990 -0.84394 
0.13990 -0.79394 
0.13990 -0.74394 
0.13990 -0.69394 
0.13990 -0.64394 
0.13990 -0.59394 
0.13990 -0.54394 
0.13990 -0.49394 
0.13990 -0.44394 
0.13990 -0.39394 
0.13990 -0.34394 
0.13990 -0.29394 
0.13990 -0.24394 
0.13990 -0.19394 
0.13990 -0.14394 
0.13990 -0.09394 
0.13990 -0.04394 
0.13990 0.00606 
0.13990 0.05606 
0.13990 0.10606 
0.13990 0.15606 
0.13990 0.20606 
0.13990 0.25606 
0.13990 0.30606 
0.13990 0.35606 
0.13990 0.40606 
0.13990 0.45606 
0.13990 0.50606 
0.13990 0.55606 
0.13990 0.60606 
0.13990 0.65606 
0.13990 0.70606 
0.13990 0.75606 
0.13990 0.80606 
0.13990 0.85606 
0.13990 0.90606 
0.13990 0.95606 
0.13990 1.00606 
0.13990 1.05606 
0.13990 1.10606 
0.18990 -1.09394 
0.18990 -1.04394 
0.18990 -0.99394 
0.18990 -0.94394 
0.18990 -0.89394 
0.18990 -0.84394 
0.18990 -0.79394 
0.18990 -0.74394 
0.18990 -0.69394 
0.18990 -0.64394 
0.18990 -0.59394 
0.18990 -0.54394 
0.18990 -0.49394 
0.18990 -0.44394 
0.18990 -0.39394 
0.18990 -0.34394 
0.18990 -0.29394 
0.18990 -0.24394 
0.18990 -0.19394 
0.18990 -0.14394 
0.18990 -0.09394 
0.18990 -0.04394 
0.18990 0.00606 
0.18990 0.05606 
0.18990 0.10606 
0.18990 0.15606 
0.18990 0.20606 
0.18990 0.25606 
0.18990 0.30606 
0.18990 0.35606 
0.18990 0.40606 
0.18990 0.45606 
0.18990 0.50606 
0.18990 0.55606 
0.18990 0.60606 
0.18990 0.65606 
0.18990 0.70606 
0.18990 0.75606 
0.18990 0.80606 
0.18990 0.85606 
0.18990 0.90606 
0.18990 0.95606 
0.18990 1.00606 
0.18990 1.05606 
0.18990 1.10606 
0.23990 -1.09394 
0.23990 -1.04394 
0.23990 -0.99394 
0.23990 -0.94394 
0.23990 -0.89394 
0.23990 -0.84394 
0.23990 -0.79394 
0.23990 -0.74394 
0.23990 -0.69394 
0.23990 -0.64394 
0.23990 -0.59394 
0.23990 -0.54394 
0.23990 -0.49394 
0.23990 -0.44394 
0.23990 -0.39394 
0.23990 -0.34394 
0.23990 -0.29394 
0.23990 -0.24394 
0.23990 -0.19394 
0.23990 -0.14394 
0.23990 -0.09394 
0.23990 -0.04394 
0.23990 0.00606 
0.23990 0.05606 
0.23990 0.10606 
0.23990 0.15606 
0.23990 0.20606 
0.23990 0.25606 
0.23990 0.30606 
0.23990 0.35606 
0.23990 0.40606 
0.23990 0.45606 
0.23990 0.50606 
0.23990 0.55606 
0.23990 0.60606 
0.23990 0.65606 
0.23990 0.70606 
0.23990 0.75606 
0.23990 0.80606 
0.23990 0.85606 
0.23990 0.90606 
0.23990 0.95606 
0.23990 1.00606 
0.23990 1.05606 
0.23990 1.10606 
0.28990 -1.09394 
0.28990 -1.04394 
0.28990 -0.99394 
0.28990 -0.94394 
0.28990 -0.89394 
0.28990 -0.84394 
0.28990 -0.79394 
0.28990 -0.74394 
0.28990 -0.69394 
0.28990 -0.64394 
0.28990 -0.59394 
0.28990 -0.54394 
0.28990 -0.49394 
0.28990 -0.44394 
0.28990 -0.39394 
0.28990 -0.34394 
0.28990 -0.29394 
0.28990 -0.24394 
0.28990 -0.19394 
0.28990 -0.14394 
0.28990 -0.09394 
0.28990 -0.04394 
0.28990 0.00606 
0.28990 0.05606 
0.28990 0.10606 
0.28990 0.15606 
0.28990 0.20606 
0.28990 0.25606 
0.28990 0.30606 
0.28990 0.35606 
0.28990 0.40606 
0.28990 0.45606 
0.28990 0.50606 
0.28990 0.55606 
0.28990 0.60606 
0.28990 0.65606 
0.28990 0.70606 
0.28990 0.75606 
0.28990 0.80606 
0.28990 0.85606 
0.28990 0.90606 
0.28990 0.95606 
0.28990 1.00606 
0.28990 1.05606 
0.28990 1.10606 
0.33990 -1.09394 
0.33990 -1.04394 
0.33990 -0.99394 
0.33990 -0.94394 
0.33990 -0.89394 
0.33990 -0.84394 
0.33990 -0.79394 
0.33990 -0.74394 
0.33990 -0.69394 
0.33990 -0.64394 
0.33990 -0.59394 
0.33990 -0.54394 
0.33990 -0.49394 
0.33990 -0.44394 
0.33990 -0.39394 
0.33990 -0.34394 
0.33990 -0.29394 
0.33990 -0.24394 
0.33990 -0.19394 
0.33990 -0.14394 
0.33990 -0.09394 
0.33990 -0.04394 
0.33990 0.00606 
0.33990 0.05606 
0.33990 0.10606 
0.33990 0.15606 
0.33990 0.20606 
0.33990 0.25606 
0.33990 0.30606 
0.33990 0.35606 
0.33990 0.40606 
0.33990 0.45606 
0.33990 0.50606 
0.33990 0.55606 
0.33990 0.60606 
0.33990 0.65606 
0.33990 0.70606 
0.33990 0.75606 
0.33990 0.80606 
0.33990 0.85606 
0.33990 0.90606 
0.33990 0.95606 
0.33990 1.00606 
0.33990 1.05606 
0.33990 1.10606 
0.38990 -1.09394 
0.38990 -1.04394 
0.38990 -0.99394 
0.38990 -0.94394 
0.38990 -0.89394 
0.38990 -0.84394 
0.38990 -0.79394 
0.38990 -0.74394 
0.38990 -0.69394 
0.38990 -0.64394 
0.38990 -0.59394 
0.38990 -0.54394 
0.38990 -0.49394 
0.38990 -0.44394 
0.38990 -0.39394 
0.38990 -0.34394 
0.38990 -0.29394 
0.38990 -0.24394 
0.38990 -0.19394 
0.38990 -0.14394 
0.38990 -0.09394 
0.38990 -0.04394 
0.38990 0.00606 
0.38990 0.05606 
0.38990 0.10606 
0.38990 0.15606 
0.38990 0.20606 
0.38990 0.25606 
0.38990 0.30606 
0.38990 0.35606 
0.38990 0.40606 
0.38990 0.45606 
0.38990 0.50606 
0.38990 0.55606 
0.38990 0.60606 
0.38990 0.65606 
0.38990 0.70606 
0.38990 0.75606 
0.38990 0.80606 
0.38990 0.85606 
0.38990 0.90606 
0.38990 0.95606 
0.38990 1.00606 
0.38990 1.05606 
0.38990 1.10606 
0.43990 -1.09394 
0.43990 -1.04394 
0.43990 -0.99394 
0.43990 -0.94394 
0.43990 -0.89394 
0.43990 -0.84394 
0.43990 -0.79394 
0.43990 -0.74394 
0.43990 -0.69394 
0.43990 -0.64394 
0.43990 -0.59394 
0.43990 -0.54394 
0.43990 -0.49394 
0.43990 -0.44394 
0.43990 -0.39394 
0.43990 -0.34394 
0.43990 -0.29394 
0.43990 -0.24394 
0.43990 -0.19394 
0.43990 -0.14394 
0.43990 -0.09394 
0.43990 -0.04394 
0.43990 0.00606 
0.43990 0.05606 
0.43990 0.10606 
0.43990 0.15606 
0.43990 0.20606 
0.43990 0.25606 
0.43990 0.30606 
0.43990 0.35606 
0.43990 0.40606 
0.43990 0.45606 
0.43990 0.50606 
0.43990 0.55606 
0.43990 0.60606 
0.43990 0.65606 
0.43990 0.70606 
0.43990 0.75606 
0.43990 0.80606 
0.43990 0.85606 
0.43990 0.90606 
0.43990 0.95606 
0.43990 1.00606 
0.43990 1.05606 
0.43990 1.10606 
0.48990 -1.09394 
0.48990 -1.04394 
0.48990 -0.99394 
0.48990 -0.94394 
0.48990 -0.89394 
0.48990 -0.84394 
0.48990 -0.79394 
0.48990 -0.74394 
0.48990 -0.69394 
0.48990 -0.64394 
0.48990 -0.59394 
0.48990 -0.54394 
0.48990 -0.49394 
0.48990 -0.44394 
0.48990 -0.39394 
0.48990 -0.34394 
0.48990 -0.29394 
0.48990 -0.24394 
0.48990 -0.19394 
0.48990 -0.14394 
0.48990 -0.09394 
0.48990 -0.04394 
0.48990 0.00606 
0.48990 0.05606 
0.48990 0.10606 
0.48990 0.15606 
0.48990 0.20606 
0.48990 0.25606 
0.48990 0.30606 
0.48990 0.35606 
0.48990 0.40606 
0.48990 0.45606 
0.48990 0.50606 
0.48990 0.55606 
0.48990 0.60606 
0.48990 0.65606 
0.48990 0.70606 
0.48990 0.75606 
0.48990 0.80606 
0.48990 0.85606 
0.48990 0.90606 
0.48990 0.95606 
0.48990 1.00606 
0.48990 1.05606 
0.48990 1.10606 
0.53990 -1.09394 
0.53990 -1.04394 
0.53990 -0.99394 
0.53990 -0.94394 
0.53990 -0.89394 
0.53990 -0.84394 
0.53990 -0.79394 
0.53990 -0.74394 
0.53990 -0.69394 
0.53990 -0.64394 
0.53990 -0.59394 
0.53990 -0.54394 
0.53990 -0.49394 
0.53990 -0.44394 
0.53990 -0.39394 
0.53990 -0.34394 
0.53990 -0.29394 
0.53990 -0.24394 
0.53990 -0.19394 
0.53990 -0.14394 
0.53990 -0.09394 
0.53990 -0.04394 
0.53990 0.00606 
0.53990 0.05606 
0.53990 0.10606 
0.53990 0.15606 
0.53990 0.20606 
0.53990 0.25606 
0.53990 0.30606 
0.53990 0.35606 
0.53990 0.40606 
0.53990 0.45606 
0.53990 0.50606 
0.53990 0.55606 
0.53990 0.60606 
0.53990 0.65606 
0.53990 0.70606 
0.53990 0.75606 
0.53990 0.80606 
0.53990 0.85606 
0.53990 0.90606 
0.53990 0.95606 
0.53990 1.00606 
0.53990 1.05606 
0.53990 1.10606 
0.58990 -1.09394 
0.58990 -1.04394 
0.58990 -0.99394 
0.58990 -0.94394 
0.58990 -0.89394 
0.58990 -0.84394 
0.58990 -0.79394 
0.58990 -0.74394 
0.58990 -0.69394 
0.58990 -0.64394 
0.58990 -0.59394 
0.58990 -0.54394 
0.58990 -0.49394 
0.58990 -0.44394 
0.58990 -0.39394 
0.58990 -0.34394 
0.58990 -0.29394 
0.58990 -0.24394 
0.58990 -0.19394 
0.58990 -0.14394 
0.58990 -0.09394 
0.58990 -0.04394 
0.58990 0.00606 
0.58990 0.05606 
0.58990 0.10606 
0.58990 0.15606 
0.58990 0.20606 
0.58990 0.25606 
0.58990 0.30606 
0.58990 0.35606 
0.58990 0.40606 
0.58990 0.45606 
0.58990 0.50606 
0.58990 0.55606 
0.58990 0.60606 
0.58990 0.65606 
0.58990 0.70606 
0.58990 0.75606 
0.58990 0.80606 
0.58990 0.85606 
0.58990 0.90606 
0.58990 0.95606 
0.58990 1.00606 
0.58990 1.05606 
0.58990 1.10606 
0.63990 -1.09394 
0.63990 -1.04394 
0.63990 -0.99394 
0.63990 -0.94394 
0.63990 -0.89394 
0.63990 -0.84394 
0.63990 -0.79394 
0.63990 -0.74394 
0.63990 -0.69394 
0.63990 -0.64394 
0.63990 -0.59394 
0.63990 -0.54394 
0.63990 -0.49394 
0.63990 -0.44394 
0.63990 -0.39394 
0.63990 -0.34394 
0.63990 -0.29394 
0.63990 -0.24394 
0.63990 -0.19394 
0.63990 -0.14394 
0.63990 -0.09394 
0.63990 -0.04394 
0.63990 0.00606 
0.63990 0.05606 
0.63990 0.10606 
0.63990 0.15606 
0.63990 0.20606 
0.63990 0.25606 
0.63990 0.30606 
0.63990 0.35606 
0.63990 0.40606 
0.63990 0.45606 
0.63990 0.50606 
0.63990 0.55606 
0.63990 0.60606 
0.63990 0.65606 
0.63990 0.70606 
0.63990 0.75606 
0.63990 0.80606 
0.63990 0.85606 
0.63990 0.90606 
0.63990 0.95606 
0.63990 1.00606 
0.63990 1.05606 
0.63990 1.10606 
0.68990 -1.09394 
0.68990 -1.04394 
0.68990 -0.99394 
0.68990 -0.94394 
0.68990 -0.89394 
0.68990 -0.84394 
0.68990 -0.79394 
0.68990 -0.74394 
0.68990 -0.69394 
0.68990 -0.64394 
0.68990 -0.59394 
0.68990 -0.54394 
0.68990 -0.49394 
0.68990 -0.44394 
0.68990 -0.39394 
0.68990 -0.34394 
0.68990 -0.29394 
0.68990 -0.24394 
0.68990 -0.19394 
0.68990 -0.14394 
0.68990 -0.09394 
0.68990 -0.04394 
0.68990 0.00606 
0.68990 0.05606 
0.68990 0.10606 
0.68990 0.15606 
0.68990 0.20606 
0.68990 0.25606 
0.68990 0.30606 
0.68990 0.35606 
0.68990 0.40606 
0.68990 0.45606 
0.68990 0.50606 
0.68990 0.55606 
0.68990 0.60606 
0.68990 0.65606 
0.68990 0.70606 
0.68990 0.75606 
0.68990 0.80606 
0.68990 0.85606 
0.68990 0.90606 
0.68990 0.95606 
0.68990 1.00606 
0.68990 1.05606 
0.68990 1.10606 
0.73990 -1.09394 
0.73990 -1.04394 
0.73990 -0.99394 
0.73990 -0.94394 
0.73990 -0.89394 
0.73990 -0.84394 
0.73990 -0.79394 
0.73990 -0.74394 
0.73990 -0.69394 
0.73990 -0.64394 
0.73990 -0.59394 
0.73990 -0.54394 
0.73990 -0.49394 
0.73990 -0.44394 
0.73990 -0.39394 
0.73990 -0.34394 
0.73990 -0.29394 
0.73990 -0.24394 
0.73990 -0.19394 
0.73990 -0.14394 
0.73990 -0.09394 
0.73990 -0.04394 
0.73990 0.00606 
0.73990 0.05606 
0.73990 0.10606 
0.73990 0.15606 
0.73990 0.20606 
0.73990 0.25606 
0.73990 0.30606 
0.73990 0.35606 
0.73990 0.40606 
0.73990 0.45606 
0.73990 0.50606 
0.73990 0.55606 
0.73990 0.60606 
0.73990 0.65606 
0.73990 0.70606 
0.73990 0.75606 
0.73990 0.80606 
0.73990 0.85606 
0.73990 0.90606 
0.73990 0.95606 
0.73990 1.00606 
0.73990 1.05606 
0.73990 1.10606 
0.78990 -1.09394 
0.78990 -1.04394 
0.78990 -0.99394 
0.78990 -0.94394 
0.78990 -0.89394 
0.78990 -0.84394 
0.78990 -0.79394 
0.78990 -0.74394 
0.78990 -0.69394 
0.78990 -0.64394 
0.78990 -0.59394 
0.78990 -0.54394 
0.78990 -0.49394 
0.78990 -0.44394 
0.78990 -0.39394 
0.78990 -0.34394 
0.78990 -0.29394 
0.78990 -0.24394 
0.78990 -0.19394 
0.78990 -0.14394 
0.78990 -0.09394 
0.78990 -0.04394 
0.78990 0.00606 
0.78990 0.05606 
0.78990 0.10606 
0.78990 0.15606 
0.78990 0.20606 
0.78990 0.25606 
0.78990 0.30606 
0.78990 0.35606 
0.78990 0.40606 
0.78990 0.45606 
0.78990 0.50606 
0.78990 0.55606 
0.78990 0.60606 
0.78990 0.65606 
0.78990 0.70606 
0.78990 0.75606 
0.78990 0.80606 
0.78990 0.85606 
0.78990 0.90606 
0.78990 0.95606 
0.78990 1.00606 
0.78990 1.05606 
0.78990 1.10606 
0.83990 -1.09394 
0.83990 -1.04394 
0.83990 -0.99394 
0.83990 -0.94394 
0.83990 -0.89394 
0.83990 -0.84394 
0.83990 -0.79394 
0.83990 -0.74394 
0.83990 -0.69394 
0.83990 -0.64394 
0.83990 -0.59394 
0.83990 -0.54394 
0.83990 -0.49394 
0.83990 -0.44394 
0.83990 -0.39394 
0.83990 -0.34394 
0.83990 -0.29394 
0.83990 -0.24394 
0.83990 -0.19394 
0.83990 -0.14394 
0.83990 -0.09394 
0.83990 -0.04394 
0.83990 0.00606 
0.83990 0.05606 
0.83990 0.10606 
0.83990 0.15606 
0.83990 0.20606 
0.83990 0.25606 
0.83990 0.30606 
0.83990 0.35606 
0.83990 0.40606 
0.83990 0.45606 
0.83990 0.50606 
0.83990 0.55606 
0.83990 0.60606 
0.83990 0.65606 
0.83990 0.70606 
0.83990 0.75606 
0.83990 0.80606 
0.83990 0.85606 
0.83990 0.90606 
0.83990 0.95606 
0.83990 1.00606 
0.83990 1.05606 
0.83990 1.10606 
0.88990 -1.09394 
0.88990 -1.04394 
0.88990 -0.99394 
0.88990 -0.94394 
0.88990 -0.89394 
0.88990 -0.84394 
0.88990 -0.79394 
0.88990 -0.74394 
0.88990 -0.69394 
0.88990 -0.64394 
0.88990 -0.59394 
0.88990 -0.54394 
0.88990 -0.49394 
0.88990 -0.44394 
0.88990 -0.39394 
0.88990 -0.34394 
0.88990 -0.29394 
0.88990 -0.24394 
0.88990 -0.19394 
0.88990 -0.14394 
0.88990 -0.09394 
0.88990 -0.04394 
0.88990 0.00606 
0.88990 0.05606 
0.88990 0.10606 
0.88990 0.15606 
0.88990 0.20606 
0.88990 0.25606 
0.88990 0.30606 
0.88990 0.35606 
0.88990 0.40606 
0.88990 0.45606 
0.88990 0.50606 
0.88990 0.55606 
0.88990 0.60606 
0.88990 0.65606 
0.88990 0.70606 
0.88990 0.75606 
0.88990 0.80606 
0.88990 0.85606 
0.88990 0.90606 
0.88990 0.95606 
0.88990 1.00606 
0.88990 1.05606 
0.88990 1.10606 
0.93990 -1.09394 
0.93990 -1.04394 
0.93990 -0.99394 
0.93990 -0.94394 
0.93990 -0.89394 
0.93990 -0.84394 
0.93990 -0.79394 
0.93990 -0.74394 
0.93990 -0.69394 
0.93990 -0.64394 
0.93990 -0.59394 
0.93990 -0.54394 
0.93990 -0.49394 
0.93990 -0.44394 
0.93990 -0.39394 
0.93990 -0.34394 
0.93990 -0.29394 
0.93990 -0.24394 
0.93990 -0.19394 
0.93990 -0.14394 
0.93990 -0.09394 
0.93990 -0.04394 
0.93990 0.00606 
0.93990 0.05606 
0.93990 0.10606 
0.93990 0.15606 
0.93990 0.20606 
0.93990 0.25606 
0.93990 0.30606 
0.93990 0.35606 
0.93990 0.40606 
0.93990 0.45606 
0.93990 0.50606 
0.93990 0.55606 
0.93990 0.60606 
0.93990 0.65606 
0.93990 0.70606 
0.93990 0.75606 
0.93990 0.80606 
0.93990 0.85606 
0.93990 0.90606 
0.93990 0.95606 
0.93990 1.00606 
0.93990 1.05606 
0.93990 1.10606 
0.98990 -1.09394 
0.98990 -1.04394 
0.98990 -0.99394 
0.98990 -0.94394 
0.98990 -0.89394 
0.98990 -0.84394 
0.98990 -0.79394 
0.98990 -0.74394 
0.98990 -0.69394 
0.98990 -0.64394 
0.98990 -0.59394 
0.98990 -0.54394 
0.98990 -0.49394 
0.98990 -0.44394 
0.98990 -0.39394 
0.98990 -0.34394 
0.98990 -0.29394 
0.98990 -0.24394 
0.98990 -0.19394 
0.98990 -0.14394 
0.98990 -0.09394 
0.98990 -0.04394 
0.98990 0.00606 
0.98990 0.05606 
0.98990 0.10606 
0.98990 0.15606 
0.98990 0.20606 
0.98990 0.25606 
0.98990 0.30606 
0.98990 0.35606 
0.98990 0.40606 
0.98990 0.45606 
0.98990 0.50606 
0.98990 0.55606 
0.98990 0.60606 
0.98990 0.65606 
0.98990 0.70606 
0.98990 0.75606 
0.98990 0.80606 
0.98990 0.85606 
0.98990 0.90606 
0.98990 0.95606 
0.98990 1.00606 
0.98990 1.05606 
0.98990 1.10606 
1.03990 -1.09394 
1.03990 -1.04394 
1.03990 -0.99394 
1.03990 -0.94394 
1.03990 -0.89394 
1.03990 -0.84394 
1.03990 -0.79394 
1.03990 -0.74394 
1.03990 -0.69394 
1.03990 -0.64394 
1.03990 -0.59394 
1.03990 -0.54394 
1.03990 -0.49394 
1.03990 -0.44394 
1.03990 -0.39394 
1.03990 -0.34394 
1.03990 -0.29394 
1.03990 -0.24394 
1.03990 -0.19394 
1.03990 -0.14394 
1.03990 -0.09394 
1.03990 -0.04394 
1.03990 0.00606 
1.03990 0.05606 
1.03990 0.10606 
1.03990 0.15606 
1.03990 0.20606 
1.03990 0.25606 
1.03990 0.30606 
1.03990 0.35606 
1.03990 0.40606 
1.03990 0.45606 
1.03990 0.50606 
1.03990 0.55606 
1.03990 0.60606 
1.03990 0.65606 
1.03990 0.70606 
1.03990 0.75606 
1.03990 0.80606 
1.03990 0.85606 
1.03990 0.90606 
1.03990 0.95606 
1.03990 1.00606 
1.03990 1.05606 
1.03990 1.10606 
1.08990 -1.09394 
1.08990 -1.04394 
1.08990 -0.99394 
1.08990 -0.94394 
1.08990 -0.89394 
1.08990 -0.84394 
1.08990 -0.79394 
1.08990 -0.74394 
1.08990 -0.69394 
1.08990 -0.64394 
1.08990 -0.59394 
1.08990 -0.54394 
1.08990 -0.49394 
1.08990 -0.44394 
1.08990 -0.39394 
1.08990 -0.34394 
1.08990 -0.29394 
1.08990 -0.24394 
1.08990 -0.19394 
1.08990 -0.14394 
1.08990 -0.09394 
1.08990 -0.04394 
1.08990 0.00606 
1.08990 0.05606 
1.08990 0.10606 
1.08990 0.15606 
1.08990 0.20606 
1.08990 0.25606 
1.08990 0.30606 
1.08990 0.35606 
1.08990 0.40606 
1.08990 0.45606 
1.08990 0.50606 
1.08990 0.55606 
1.08990 0.60606 
1.08990 0.65606 
1.08990 0.70606 
1.08990 0.75606 
1.08990 0.80606 
1.08990 0.85606 
1.08990 0.90606 
1.08990 0.95606 
1.08990 1.00606 
1.08990 1.05606 
1.08990 1.10606 
1.13990 -1.09394 
1.13990 -1.04394 
1.13990 -0.99394 
1.13990 -0.94394 
1.13990 -0.89394 
1.13990 -0.84394 
1.13990 -0.79394 
1.13990 -0.74394 
1.13990 -0.69394 
1.13990 -0.64394 
1.13990 -0.59394 
1.13990 -0.54394 
1.13990 -0.49394 
1.13990 -0.44394 
1.13990 -0.39394 
1.13990 -0.34394 
1.13990 -0.29394 
1.13990 -0.24394 
1.13990 -0.19394 
1.13990 -0.14394 
1.13990 -0.09394 
1.13990 -0.04394 
1.13990 0.00606 
1.13990 0.05606 
1.13990 0.10606 
1.13990 0.15606 
1.13990 0.20606 
1.13990 0.25606 
1.13990 0.30606 
1.13990 0.35606 
1.13990 0.40606 
1.13990 0.45606 
1.13990 0.50606 
1.13990 0.55606 
1.13990 0.60606 
1.13990 0.65606 
1.13990 0.70606 
1.13990 0.75606 
1.13990 0.80606 
1.13990 0.85606 
1.13990 0.90606 
1.13990 0.95606 
1.13990 1.00606 
1.13990 1.05606 
1.13990 1.10606 
1.18990 -1.09394 
1.18990 -1.04394 
1.18990 -0.99394 
1.18990 -0.94394 
1.18990 -0.89394 
1.18990 -0.84394 
1.18990 -0.79394 
1.18990 -0.74394 
1.18990 -0.69394 
1.18990 -0.64394 
1.18990 -0.59394 
1.18990 -0.54394 
1.18990 -0.49394 
1.18990 -0.44394 
1.18990 -0.39394 
1.18990 -0.34394 
1.18990 -0.29394 
1.18990 -0.24394 
1.18990 -0.19394 
1.18990 -0.14394 
1.18990 -0.09394 
1.18990 -0.04394 
1.18990 0.00606 
1.18990 0.05606 
1.18990 0.10606 
1.18990 0.15606 
1.18990 0.20606 
1.18990 0.25606 
1.18990 0.30606 
1.18990 0.35606 
1.18990 0.40606 
1.18990 0.45606 
1.18990 0.50606 
1.18990 0.55606 
1.18990 0.60606 
1.18990 0.65606 
1.18990 0.70606 
1.18990 0.75606 
1.18990 0.80606 
1.18990 0.85606 
1.18990 0.90606 
1.18990 0.95606 
1.18990 1.00606 
1.18990 1.05606 
1.18990 1.10606 
1.23990 -1.09394 
1.23990 -1.04394 
1.23990 -0.99394 
1.23990 -0.94394 
1.23990 -0.89394 
1.23990 -0.84394 
1.23990 -0.79394 
1.23990 -0.74394 
1.23990 -0.69394 
1.23990 -0.64394 
1.23990 -0.59394 
1.23990 -0.54394 
1.23990 -0.49394 
1.23990 -0.44394 
1.23990 -0.39394 
1.23990 -0.34394 
1.23990 -0.29394 
1.23990 -0.24394 
1.23990 -0.19394 
1.23990 -0.14394 
1.23990 -0.09394 
1.23990 -0.04394 
1.23990 0.00606 
1.23990 0.05606 
1.23990 0.10606 
1.23990 0.15606 
1.23990 0.20606 
1.23990 0.25606 
1.23990 0.30606 
1.23990 0.35606 
1.23990 0.40606 
1.23990 0.45606 
1.23990 0.50606 
1.23990 0.55606 
1.23990 0.60606 
1.23990 0.65606 
1.23990 0.70606 
1.23990 0.75606 
1.23990 0.80606 
1.23990 0.85606 
1.23990 0.90606 
1.23990 0.95606 
1.23990 1.00606 
1.23990 1.05606 
1.23990 1.10606 
1.28990 -1.09394 
1.28990 -1.04394 
1.28990 -0.99394 
1.28990 -0.94394 
1.28990 -0.89394 
1.28990 -0.84394 
1.28990 -0.79394 
1.28990 -0.74394 
1.28990 -0.69394 
1.28990 -0.64394 
1.28990 -0.59394 
1.28990 -0.54394 
1.28990 -0.49394 
1.28990 -0.44394 
1.28990 -0.39394 
1.28990 -0.34394 
1.28990 -0.29394 
1.28990 -0.24394 
1.28990 -0.19394 
1.28990 -0.14394 
1.28990 -0.09394 
1.28990 -0.04394 
1.28990 0.00606 
1.28990 0.05606 
1.28990 0.10606 
1.28990 0.15606 
1.28990 0.20606 
1.28990 0.25606 
1.28990 0.30606 
1.28990 0.35606 
1.28990 0.40606 
1.28990 0.45606 
1.28990 0.50606 
1.28990 0.55606 
1.28990 0.60606 
1.28990 0.65606 
1.28990 0.70606 
1.28990 0.75606 
1.28990 0.80606 
1.28990 0.85606 
1.28990 0.90606 
1.28990 0.95606 
1.28990 1.00606 
1.28990 1.05606 
1.28990 1.10606 
1.33990 -1.09394 
1.33990 -1.04394 
1.33990 -0.99394 
1.33990 -0.94394 
1.33990 -0.89394 
1.33990 -0.84394 
1.33990 -0.79394 
1.33990 -0.74394 
1.33990 -0.69394 
1.33990 -0.64394 
1.33990 -0.59394 
1.33990 -0.54394 
1.33990 -0.49394 
1.33990 -0.44394 
1.33990 -0.39394 
1.33990 -0.34394 
1.33990 -0.29394 
1.33990 -0.24394 
1.33990 -0.19394 
1.33990 -0.14394 
1.33990 -0.09394 
1.33990 -0.04394 
1.33990 0.00606 
1.33990 0.05606 
1.33990 0.10606 
1.33990 0.15606 
1.33990 0.20606 
1.33990 0.25606 
1.33990 0.30606 
1.33990 0.35606 
1.33990 0.40606 
1.33990 0.45606 
1.33990 0.50606 
1.33990 0.55606 
1.33990 0.60606 
1.33990 0.65606 
1.33990 0.70606 
1.33990 0.75606 
1.33990 0.80606 
1.33990 0.85606 
1.33990 0.90606 
1.33990 0.95606 
1.33990 1.00606 
1.33990 1.05606 
1.33990 1.10606 
1.38990 -1.09394 
1.38990 -1.04394 
1.38990 -0.99394 
1.38990 -0.94394 
1.38990 -0.89394 
1.38990 -0.84394 
1.38990 -0.79394 
1.38990 -0.74394 
1.38990 -0.69394 
1.38990 -0.64394 
1.38990 -0.59394 
1.38990 -0.54394 
1.38990 -0.49394 
1.38990 -0.44394 
1.38990 -0.39394 
1.38990 -0.34394 
1.38990 -0.29394 
1.38990 -0.24394 
1.38990 -0.19394 
1.38990 -0.14394 
1.38990 -0.09394 
1.38990 -0.04394 
1.38990 0.00606 
1.38990 0.05606 
1.38990 0.10606 
1.38990 0.15606 
1.38990 0.20606 
1.38990 0.25606 
1.38990 0.30606 
1.38990 0.35606 
1.38990 0.40606 
1.38990 0.45606 
1.38990 0.50606 
1.38990 0.55606 
1.38990 0.60606 
1.38990 0.65606 
1.38990 0.70606 
1.38990 0.75606 
1.38990 0.80606 
1.38990 0.85606 
1.38990 0.90606 
1.38990 0.95606 
1.38990 1.00606 
1.38990 1.05606 
1.38990 1.10606 
1.43990 -1.09394 
1.43990 -1.04394 
1.43990 -0.99394 
1.43990 -0.94394 
1.43990 -0.89394 
1.43990 -0.84394 
1.43990 -0.79394 
1.43990 -0.74394 
1.43990 -0.69394 
1.43990 -0.64394 
1.43990 -0.59394 
1.43990 -0.54394 
1.43990 -0.49394 
1.43990 -0.44394 
1.43990 -0.39394 
1.43990 -0.34394 
1.43990 -0.29394 
1.43990 -0.24394 
1.43990 -0.19394 
1.43990 -0.14394 
1.43990 -0.09394 
1.43990 -0.04394 
1.43990 0.00606 
1.43990 0.05606 
1.43990 0.10606 
1.43990 0.15606 
1.43990 0.20606 
1.43990 0.25606 
1.43990 0.30606 
1.43990 0.35606 
1.43990 0.40606 
1.43990 0.45606 
1.43990 0.50606 
1.43990 0.55606 
1.43990 0.60606 
1.43990 0.65606 
1.43990 0.70606 
1.43990 0.75606 
1.43990 0.80606 
1.43990 0.85606 
1.43990 0.90606 
1.43990 0.95606 
1.43990 1.00606 
1.43990 1.05606 
1.43990 1.10606 
1.48990 -1.09394 
1.48990 -1.04394 
1.48990 -0.99394 
1.48990 -0.94394 
1.48990 -0.89394 
1.48990 -0.84394 
1.48990 -0.79394 
1.48990 -0.74394 
1.48990 -0.69394 
1.48990 -0.64394 
1.48990 -0.59394 
1.48990 -0.54394 
1.48990 -0.49394 
1.48990 -0.44394 
1.48990 -0.39394 
1.48990 -0.34394 
1.48990 -0.29394 
1.48990 -0.24394 
1.48990 -0.19394 
1.48990 -0.14394 
1.48990 -0.09394 
1.48990 -0.04394 
1.48990 0.00606 
1.48990 0.05606 
1.48990 0.10606 
1.48990 0.15606 
1.48990 0.20606 
1.48990 0.25606 
1.48990 0.30606 
1.48990 0.35606 
1.48990 0.40606 
1.48990 0.45606 
1.48990 0.50606 
1.48990 0.55606 
1.48990 0.60606 
1.48990 0.65606 
1.48990 0.70606 
1.48990 0.75606 
1.48990 0.80606 
1.48990 0.85606 
1.48990 0.90606 
1.48990 0.95606 
1.48990 1.00606 
1.48990 1.05606 
1.48990 1.10606 
1.53990 -1.09394 
1.53990 -1.04394 
1.53990 -0.99394 
1.53990 -0.94394 
1.53990 -0.89394 
1.53990 -0.84394 
1.53990 -0.79394 
1.53990 -0.74394 
1.53990 -0.69394 
1.53990 -0.64394 
1.53990 -0.59394 
1.53990 -0.54394 
1.53990 -0.49394 
1.53990 -0.44394 
1.53990 -0.39394 
1.53990 -0.34394 
1.53990 -0.29394 
1.53990 -0.24394 
1.53990 -0.19394 
1.53990 -0.14394 
1.53990 -0.09394 
1.53990 -0.04394 
1.53990 0.00606 
1.53990 0.05606 
1.53990 0.10606 
1.53990 0.15606 
1.53990 0.20606 
1.53990 0.25606 
1.53990 0.30606 
1.53990 0.35606 
1.53990 0.40606 
1.53990 0.45606 
1.53990 0.50606 
1.53990 0.55606 
1.53990 0.60606 
1.53990 0.65606 
1.53990 0.70606 
1.53990 0.75606 
1.53990 0.80606 
1.53990 0.85606 
1.53990 0.90606 
1.53990 0.95606 
1.53990 1.00606 
1.53990 1.05606 
1.53990 1.10606 
1.58990 -1.09394 
1.58990 -1.04394 
1.58990 -0.99394 
1.58990 -0.94394 
1.58990 -0.89394 
1.58990 -0.84394 
1.58990 -0.79394 
1.58990 -0.74394 
1.58990 -0.69394 
1.58990 -0.64394 
1.58990 -0.59394 
1.58990 -0.54394 
1.58990 -0.49394 
1.58990 -0.44394 
1.58990 -0.39394 
1.58990 -0.34394 
1.58990 -0.29394 
1.58990 -0.24394 
1.58990 -0.19394 
1.58990 -0.14394 
1.58990 -0.09394 
1.58990 -0.04394 
1.58990 0.00606 
1.58990 0.05606 
1.58990 0.10606 
1.58990 0.15606 
1.58990 0.20606 
1.58990 0.25606 
1.58990 0.30606 
1.58990 0.35606 
1.58990 0.40606 
1.58990 0.45606 
1.58990 0.50606 
1.58990 0.55606 
1.58990 0.60606 
1.58990 0.65606 
1.58990 0.70606 
1.58990 0.75606 
1.58990 0.80606 
1.58990 0.85606 
1.58990 0.90606 
1.58990 0.95606 
1.58990 1.00606 
1.58990 1.05606 
1.58990 1.10606 
1.63990 -1.09394 
1.63990 -1.04394 
1.63990 -0.99394 
1.63990 -0.94394 
1.63990 -0.89394 
1.63990 -0.84394 
1.63990 -0.79394 
1.63990 -0.74394 
1.63990 -0.69394 
1.63990 -0.64394 
1.63990 -0.59394 
1.63990 -0.54394 
1.63990 -0.49394 
1.63990 -0.44394 
1.63990 -0.39394 
1.63990 -0.34394 
1.63990 -0.29394 
1.63990 -0.24394 
1.63990 -0.19394 
1.63990 -0.14394 
1.63990 -0.09394 
1.63990 -0.04394 
1.63990 0.00606 
1.63990 0.05606 
1.63990 0.10606 
1.63990 0.15606 
1.63990 0.20606 
1.63990 0.25606 
1.63990 0.30606 
1.63990 0.35606 
1.63990 0.40606 
1.63990 0.45606 
1.63990 0.50606 
1.63990 0.55606 
1.63990 0.60606 
1.63990 0.65606 
1.63990 0.70606 
1.63990 0.75606 
1.63990 0.80606 
1.63990 0.85606 
1.63990 0.90606 
1.63990 0.95606 
1.63990 1.00606 
1.63990 1.05606 
1.63990 1.10606 
1.68990 -1.09394 
1.68990 -1.04394 
1.68990 -0.99394 
1.68990 -0.94394 
1.68990 -0.89394 
1.68990 -0.84394 
1.68990 -0.79394 
1.68990 -0.74394 
1.68990 -0.69394 
1.68990 -0.64394 
1.68990 -0.59394 
1.68990 -0.54394 
1.68990 -0.49394 
1.68990 -0.44394 
1.68990 -0.39394 
1.68990 -0.34394 
1.68990 -0.29394 
1.68990 -0.24394 
1.68990 -0.19394 
1.68990 -0.14394 
1.68990 -0.09394 
1.68990 -0.04394 
1.68990 0.00606 
1.68990 0.05606 
1.68990 0.10606 
1.68990 0.15606 
1.68990 0.20606 
1.68990 0.25606 
1.68990 0.30606 
1.68990 0.35606 
1.68990 0.40606 
1.68990 0.45606 
1.68990 0.50606 
1.68990 0.55606 
1.68990 0.60606 
1.68990 0.65606 
1.68990 0.70606 
1.68990 0.75606 
1.68990 0.80606 
1.68990 0.85606 
1.68990 0.90606 
1.68990 0.95606 
1.68990 1.00606 
1.68990 1.05606 
1.68990 1.10606 
1.73990 -1.09394 
1.73990 -1.04394 
1.73990 -0.99394 
1.73990 -0.94394 
1.73990 -0.89394 
1.73990 -0.84394 
1.73990 -0.79394 
1.73990 -0.74394 
1.73990 -0.69394 
1.73990 -0.64394 
1.73990 -0.59394 
1.73990 -0.54394 
1.73990 -0.49394 
1.73990 -0.44394 
1.73990 -0.39394 
1.73990 -0.34394 
1.73990 -0.29394 
1.73990 -0.24394 
1.73990 -0.19394 
1.73990 -0.14394 
1.73990 -0.09394 
1.73990 -0.04394 
1.73990 0.00606 
1.73990 0.05606 
1.73990 0.10606 
1.73990 0.15606 
1.73990 0.20606 
1.73990 0.25606 
1.73990 0.30606 
1.73990 0.35606 
1.73990 0.40606 
1.73990 0.45606 
1.73990 0.50606 
1.73990 0.55606 
1.73990 0.60606 
1.73990 0.65606 
1.73990 0.70606 
1.73990 0.75606 
1.73990 0.80606 
1.73990 0.85606 
1.73990 0.90606 
1.73990 0.95606 
1.73990 1.00606 
1.73990 1.05606 
1.73990 1.10606 
1.78990 -1.09394 
1.78990 -1.04394 
1.78990 -0.99394 
1.78990 -0.94394 
1.78990 -0.89394 
1.78990 -0.84394 
1.78990 -0.79394 
1.78990 -0.74394 
1.78990 -0.69394 
1.78990 -0.64394 
1.78990 -0.59394 
1.78990 -0.54394 
1.78990 -0.49394 
1.78990 -0.44394 
1.78990 -0.39394 
1.78990 -0.34394 
1.78990 -0.29394 
1.78990 -0.24394 
1.78990 -0.19394 
1.78990 -0.14394 
1.78990 -0.09394 
1.78990 -0.04394 
1.78990 0.00606 
1.78990 0.05606 
1.78990 0.10606 
1.78990 0.15606 
1.78990 0.20606 
1.78990 0.25606 
1.78990 0.30606 
1.78990 0.35606 
1.78990 0.40606 
1.78990 0.45606 
1.78990 0.50606 
1.78990 0.55606 
1.78990 0.60606 
1.78990 0.65606 
1.78990 0.70606 
1.78990 0.75606 
1.78990 0.80606 
1.78990 0.85606 
1.78990 0.90606 
1.78990 0.95606 
1.78990 1.00606 
1.78990 1.05606 
1.78990 1.10606 
1.83990 -1.09394 
1.83990 -1.04394 
1.83990 -0.99394 
1.83990 -0.94394 
1.83990 -0.89394 
1.83990 -0.84394 
1.83990 -0.79394 
1.83990 -0.74394 
1.83990 -0.69394 
1.83990 -0.64394 
1.83990 -0.59394 
1.83990 -0.54394 
1.83990 -0.49394 
1.83990 -0.44394 
1.83990 -0.39394 
1.83990 -0.34394 
1.83990 -0.29394 
1.83990 -0.24394 
1.83990 -0.19394 
1.83990 -0.14394 
1.83990 -0.09394 
1.83990 -0.04394 
1.83990 0.00606 
1.83990 0.05606 
1.83990 0.10606 
1.83990 0.15606 
1.83990 0.20606 
1.83990 0.25606 
1.83990 0.30606 
1.83990 0.35606 
1.83990 0.40606 
1.83990 0.45606 
1.83990 0.50606 
1.83990 0.55606 
1.83990 0.60606 
1.83990 0.65606 
1.83990 0.70606 
1.83990 0.75606 
1.83990 0.80606 
1.83990 0.85606 
1.83990 0.90606 
1.83990 0.95606 
1.83990 1.00606 
1.83990 1.05606 
1.83990 1.10606 
1.88990 -1.09394 
1.88990 -1.04394 
1.88990 -0.99394 
1.88990 -0.94394 
1.88990 -0.89394 
1.88990 -0.84394 
1.88990 -0.79394 
1.88990 -0.74394 
1.88990 -0.69394 
1.88990 -0.64394 
1.88990 -0.59394 
1.88990 -0.54394 
1.88990 -0.49394 
1.88990 -0.44394 
1.88990 -0.39394 
1.88990 -0.34394 
1.88990 -0.29394 
1.88990 -0.24394 
1.88990 -0.19394 
1.88990 -0.14394 
1.88990 -0.09394 
1.88990 -0.04394 
1.88990 0.00606 
1.88990 0.05606 
1.88990 0.10606 
1.88990 0.15606 
1.88990 0.20606 
1.88990 0.25606 
1.88990 0.30606 
1.88990 0.35606 
1.88990 0.40606 
1.88990 0.45606 
1.88990 0.50606 
1.88990 0.55606 
1.88990 0.60606 
1.88990 0.65606 
1.88990 0.70606 
1.88990 0.75606 
1.88990 0.80606 
1.88990 0.85606 
1.88990 0.90606 
1.88990 0.95606 
1.88990 1.00606 
1.88990 1.05606 
1.88990 1.10606 
1.93990 -1.09394 
1.93990 -1.04394 
1.93990 -0.99394 
1.93990 -0.94394 
1.93990 -0.89394 
1.93990 -0.84394 
1.93990 -0.79394 
1.93990 -0.74394 
1.93990 -0.69394 
1.93990 -0.64394 
1.93990 -0.59394 
1.93990 -0.54394 
1.93990 -0.49394 
1.93990 -0.44394 
1.93990 -0.39394 
1.93990 -0.34394 
1.93990 -0.29394 
1.93990 -0.24394 
1.93990 -0.19394 
1.93990 -0.14394 
1.93990 -0.09394 
1.93990 -0.04394 
1.93990 0.00606 
1.93990 0.05606 
1.93990 0.10606 
1.93990 0.15606 
1.93990 0.20606 
1.93990 0.25606 
1.93990 0.30606 
1.93990 0.35606 
1.93990 0.40606 
1.93990 0.45606 
1.93990 0.50606 
1.93990 0.55606 
1.93990 0.60606 
1.93990 0.65606 
1.93990 0.70606 
1.93990 0.75606 
1.93990 0.80606 
1.93990 0.85606 
1.93990 0.90606 
1.93990 0.95606 
1.93990 1.00606 
1.93990 1.05606 
1.93990 1.10606 
1.98990 -1.09394 
1.98990 -1.04394 
1.98990 -0.99394 
1.98990 -0.94394 
1.98990 -0.89394 
1.98990 -0.84394 
1.98990 -0.79394 
1.98990 -0.74394 
1.98990 -0.69394 
1.98990 -0.64394 
1.98990 -0.59394 
1.98990 -0.54394 
1.98990 -0.49394 
1.98990 -0.44394 
1.98990 -0.39394 
1.98990 -0.34394 
1.98990 -0.29394 
1.98990 -0.24394 
1.98990 -0.19394 
1.98990 -0.14394 
1.98990 -0.09394 
1.98990 -0.04394 
1.98990 0.00606 
1.98990 0.05606 
1.98990 0.10606 
1.98990 0.15606 
1.98990 0.20606 
1.98990 0.25606 
1.98990 0.30606 
1.98990 0.35606 
1.98990 0.40606 
1.98990 0.45606 
1.98990 0.50606 
1.98990 0.55606 
1.98990 0.60606 
1.98990 0.65606 
1.98990 0.70606 
1.98990 0.75606 
1.98990 0.80606 
1.98990 0.85606 
1.98990 0.90606 
1.98990 0.95606 
1.98990 1.00606 
1.98990 1.05606 
1.98990 1.10606 
2.03990 -1.09394 
2.03990 -1.04394 
2.03990 -0.99394 
2.03990 -0.94394 
2.03990 -0.89394 
2.03990 -0.84394 
2.03990 -0.79394 
2.03990 -0.74394 
2.03990 -0.69394 
2.03990 -0.64394 
2.03990 -0.59394 
2.03990 -0.54394 
2.03990 -0.49394 
2.03990 -0.44394 
2.03990 -0.39394 
2.03990 -0.34394 
2.03990 -0.29394 
2.03990 -0.24394 
2.03990 -0.19394 
2.03990 -0.14394 
2.03990 -0.09394 
2.03990 -0.04394 
2.03990 0.00606 
2.03990 0.05606 
2.03990 0.10606 
2.03990 0.15606 
2.03990 0.20606 
2.03990 0.25606 
2.03990 0.30606 
2.03990 0.35606 
2.03990 0.40606 
2.03990 0.45606 
2.03990 0.50606 
2.03990 0.55606 
2.03990 0.60606 
2.03990 0.65606 
2.03990 0.70606 
2.03990 0.75606 
2.03990 0.80606 
2.03990 0.85606 
2.03990 0.90606 
2.03990 0.95606 
2.03990 1.00606 
2.03990 1.05606 
2.03990 1.10606 
2.08990 -1.09394 
2.08990 -1.04394 
2.08990 -0.99394 
2.08990 -0.94394 
2.08990 -0.89394 
2.08990 -0.84394 
2.08990 -0.79394 
2.08990 -0.74394 
2.08990 -0.69394 
2.08990 -0.64394 
2.08990 -0.59394 
2.08990 -0.54394 
2.08990 -0.49394 
2.08990 -0.44394 
2.08990 -0.39394 
2.08990 -0.34394 
2.08990 -0.29394 
2.08990 -0.24394 
2.08990 -0.19394 
2.08990 -0.14394 
2.08990 -0.09394 
2.08990 -0.04394 
2.08990 0.00606 
2.08990 0.05606 
2.08990 0.10606 
2.08990 0.15606 
2.08990 0.20606 
2.08990 0.25606 
2.08990 0.30606 
2.08990 0.35606 
2.08990 0.40606 
2.08990 0.45606 
2.08990 0.50606 
2.08990 0.55606 
2.08990 0.60606 
2.08990 0.65606 
2.08990 0.70606 
2.08990 0.75606 
2.08990 0.80606 
2.08990 0.85606 
2.08990 0.90606 
2.08990 0.95606 
2.08990 1.00606 
2.08990 1.05606 
2.08990 1.10606 
2.13990 -1.09394 
2.13990 -1.04394 
2.13990 -0.99394 
2.13990 -0.94394 
2.13990 -0.89394 
2.13990 -0.84394 
2.13990 -0.79394 
2.13990 -0.74394 
2.13990 -0.69394 
2.13990 -0.64394 
2.13990 -0.59394 
2.13990 -0.54394 
2.13990 -0.49394 
2.13990 -0.44394 
2.13990 -0.39394 
2.13990 -0.34394 
2.13990 -0.29394 
2.13990 -0.24394 
2.13990 -0.19394 
2.13990 -0.14394 
2.13990 -0.09394 
2.13990 -0.04394 
2.13990 0.00606 
2.13990 0.05606 
2.13990 0.10606 
2.13990 0.15606 
2.13990 0.20606 
2.13990 0.25606 
2.13990 0.30606 
2.13990 0.35606 
2.13990 0.40606 
2.13990 0.45606 
2.13990 0.50606 
2.13990 0.55606 
2.13990 0.60606 
2.13990 0.65606 
2.13990 0.70606 
2.13990 0.75606 
2.13990 0.80606 
2.13990 0.85606 
2.13990 0.90606 
2.13990 0.95606 
2.13990 1.00606 
2.13990 1.05606 
2.13990 1.10606 
2.18990 -1.09394 
2.18990 -1.04394 
2.18990 -0.99394 
2.18990 -0.94394 
2.18990 -0.89394 
2.18990 -0.84394 
2.18990 -0.79394 
2.18990 -0.74394 
2.18990 -0.69394 
2.18990 -0.64394 
2.18990 -0.59394 
2.18990 -0.54394 
2.18990 -0.49394 
2.18990 -0.44394 
2.18990 -0.39394 
2.18990 -0.34394 
2.18990 -0.29394 
2.18990 -0.24394 
2.18990 -0.19394 
2.18990 -0.14394 
2.18990 -0.09394 
2.18990 -0.04394 
2.18990 0.00606 
2.18990 0.05606 
2.18990 0.10606 
2.18990 0.15606 
2.18990 0.20606 
2.18990 0.25606 
2.18990 0.30606 
2.18990 0.35606 
2.18990 0.40606 
2.18990 0.45606 
2.18990 0.50606 
2.18990 0.55606 
2.18990 0.60606 
2.18990 0.65606 
2.18990 0.70606 
2.18990 0.75606 
2.18990 0.80606 
2.18990 0.85606 
2.18990 0.90606 
2.18990 0.95606 
2.18990 1.00606 
2.18990 1.05606 
2.18990 1.10606 
2.23990 -1.09394 
2.23990 -1.04394 
2.23990 -0.99394 
2.23990 -0.94394 
2.23990 -0.89394 
2.23990 -0.84394 
2.23990 -0.79394 
2.23990 -0.74394 
2.23990 -0.69394 
2.23990 -0.64394 
2.23990 -0.59394 
2.23990 -0.54394 
2.23990 -0.49394 
2.23990 -0.44394 
2.23990 -0.39394 
2.23990 -0.34394 
2.23990 -0.29394 
2.23990 -0.24394 
2.23990 -0.19394 
2.23990 -0.14394 
2.23990 -0.09394 
2.23990 -0.04394 
2.23990 0.00606 
2.23990 0.05606 
2.23990 0.10606 
2.23990 0.15606 
2.23990 0.20606 
2.23990 0.25606 
2.23990 0.30606 
2.23990 0.35606 
2.23990 0.40606 
2.23990 0.45606 
2.23990 0.50606 
2.23990 0.55606 
2.23990 0.60606 
2.23990 0.65606 
2.23990 0.70606 
2.23990 0.75606 
2.23990 0.80606 
2.23990 0.85606 
2.23990 0.90606 
2.23990 0.95606 
2.23990 1.00606 
2.23990 1.05606 
2.23990 1.10606 
2.28990 -1.09394 
2.28990 -1.04394 
2.28990 -0.99394 
2.28990 -0.94394 
2.28990 -0.89394 
2.28990 -0.84394 
2.28990 -0.79394 
2.28990 -0.74394 
2.28990 -0.69394 
2.28990 -0.64394 
2.28990 -0.59394 
2.28990 -0.54394 
2.28990 -0.49394 
2.28990 -0.44394 
2.28990 -0.39394 
2.28990 -0.34394 
2.28990 -0.29394 
2.28990 -0.24394 
2.28990 -0.19394 
2.28990 -0.14394 
2.28990 -0.09394 
2.28990 -0.04394 
2.28990 0.00606 
2.28990 0.05606 
2.28990 0.10606 
2.28990 0.15606 
2.28990 0.20606 
2.28990 0.25606 
2.28990 0.30606 
2.28990 0.35606 
2.28990 0.40606 
2.28990 0.45606 
2.28990 0.50606 
2.28990 0.55606 
2.28990 0.60606 
2.28990 0.65606 
2.28990 0.70606 
2.28990 0.75606 
2.28990 0.80606 
2.28990 0.85606 
2.28990 0.90606 
2.28990 0.95606 
2.28990 1.00606 
2.28990 1.05606 
2.28990 1.10606 
2.33990 -1.09394 
2.33990 -1.04394 
2.33990 -0.99394 
2.33990 -0.94394 
2.33990 -0.89394 
2.33990 -0.84394 
2.33990 -0.79394 
2.33990 -0.74394 
2.33990 -0.69394 
2.33990 -0.64394 
2.33990 -0.59394 
2.33990 -0.54394 
2.33990 -0.49394 
2.33990 -0.44394 
2.33990 -0.39394 
2.33990 -0.34394 
2.33990 -0.29394 
2.33990 -0.24394 
2.33990 -0.19394 
2.33990 -0.14394 
2.33990 -0.09394 
2.33990 -0.04394 
2.33990 0.00606 
2.33990 0.05606 
2.33990 0.10606 
2.33990 0.15606 
2.33990 0.20606 
2.33990 0.25606 
2.33990 0.30606 
2.33990 0.35606 
2.33990 0.40606 
2.33990 0.45606 
2.33990 0.50606 
2.33990 0.55606 
2.33990 0.60606 
2.33990 0.65606 
2.33990 0.70606 
2.33990 0.75606 
2.33990 0.80606 
2.33990 0.85606 
2.33990 0.90606 
2.33990 0.95606 
2.33990 1.00606 
2.33990 1.05606 
2.33990 1.10606 
2.38990 -1.09394 
2.38990 -1.04394 
2.38990 -0.99394 
2.38990 -0.94394 
2.38990 -0.89394 
2.38990 -0.84394 
2.38990 -0.79394 
2.38990 -0.74394 
2.38990 -0.69394 
2.38990 -0.64394 
2.38990 -0.59394 
2.38990 -0.54394 
2.38990 -0.49394 
2.38990 -0.44394 
2.38990 -0.39394 
2.38990 -0.34394 
2.38990 -0.29394 
2.38990 -0.24394 
2.38990 -0.19394 
2.38990 -0.14394 
2.38990 -0.09394 
2.38990 -0.04394 
2.38990 0.00606 
2.38990 0.05606 
2.38990 0.10606 
2.38990 0.15606 
2.38990 0.20606 
2.38990 0.25606 
2.38990 0.30606 
2.38990 0.35606 
2.38990 0.40606 
2.38990 0.45606 
2.38990 0.50606 
2.38990 0.55606 
2.38990 0.60606 
2.38990 0.65606 
2.38990 0.70606 
2.38990 0.75606 
2.38990 0.80606 
2.38990 0.85606 
2.38990 0.90606 
2.38990 0.95606 
2.38990 1.00606 
2.38990 1.05606 
2.38990 1.10606 
2.43990 -1.09394 
2.43990 -1.04394 
2.43990 -0.99394 
2.43990 -0.94394 
2.43990 -0.89394 
2.43990 -0.84394 
2.43990 -0.79394 
2.43990 -0.74394 
2.43990 -0.69394 
2.43990 -0.64394 
2.43990 -0.59394 
2.43990 -0.54394 
2.43990 -0.49394 
2.43990 -0.44394 
2.43990 -0.39394 
2.43990 -0.34394 
2.43990 -0.29394 
2.43990 -0.24394 
2.43990 -0.19394 
2.43990 -0.14394 
2.43990 -0.09394 
2.43990 -0.04394 
2.43990 0.00606 
2.43990 0.05606 
2.43990 0.10606 
2.43990 0.15606 
2.43990 0.20606 
2.43990 0.25606 
2.43990 0.30606 
2.43990 0.35606 
2.43990 0.40606 
2.43990 0.45606 
2.43990 0.50606 
2.43990 0.55606 
2.43990 0.60606 
2.43990 0.65606 
2.43990 0.70606 
2.43990 0.75606 
2.43990 0.80606 
2.43990 0.85606 
2.43990 0.90606 
2.43990 0.95606 
2.43990 1.00606 
2.43990 1.05606 
2.43990 1.10606 
2.48990 -1.09394 
2.48990 -1.04394 
2.48990 -0.99394 
2.48990 -0.94394 
2.48990 -0.89394 
2.48990 -0.84394 
2.48990 -0.79394 
2.48990 -0.74394 
2.48990 -0.69394 
2.48990 -0.64394 
2.48990 -0.59394 
2.48990 -0.54394 
2.48990 -0.49394 
2.48990 -0.44394 
2.48990 -0.39394 
2.48990 -0.34394 
2.48990 -0.29394 
2.48990 -0.24394 
2.48990 -0.19394 
2.48990 -0.14394 
2.48990 -0.09394 
2.48990 -0.04394 
2.48990 0.00606 
2.48990 0.05606 
2.48990 0.10606 
2.48990 0.15606 
2.48990 0.20606 
2.48990 0.25606 
2.48990 0.30606 
2.48990 0.35606 
2.48990 0.40606 
2.48990 0.45606 
2.48990 0.50606 
2.48990 0.55606 
2.48990 0.60606 
2.48990 0.65606 
2.48990 0.70606 
2.48990 0.75606 
2.48990 0.80606 
2.48990 0.85606 
2.48990 0.90606 
2.48990 0.95606 
2.48990 1.00606 
2.48990 1.05606 
2.48990 1.10606 
2.53990 -1.09394 
2.53990 -1.04394 
2.53990 -0.99394 
2.53990 -0.94394 
2.53990 -0.89394 
2.53990 -0.84394 
2.53990 -0.79394 
2.53990 -0.74394 
2.53990 -0.69394 
2.53990 -0.64394 
2.53990 -0.59394 
2.53990 -0.54394 
2.53990 -0.49394 
2.53990 -0.44394 
2.53990 -0.39394 
2.53990 -0.34394 
2.53990 -0.29394 
2.53990 -0.24394 
2.53990 -0.19394 
2.53990 -0.14394 
2.53990 -0.09394 
2.53990 -0.04394 
2.53990 0.00606 
2.53990 0.05606 
2.53990 0.10606 
2.53990 0.15606 
2.53990 0.20606 
2.53990 0.25606 
2.53990 0.30606 
2.53990 0.35606 
2.53990 0.40606 
2.53990 0.45606 
2.53990 0.50606 
2.53990 0.55606 
2.53990 0.60606 
2.53990 0.65606 
2.53990 0.70606 
2.53990 0.75606 
2.53990 0.80606 
2.53990 0.85606 
2.53990 0.90606 
2.53990 0.95606 
2.53990 1.00606 
2.53990 1.05606 
2.53990 1.10606 
2.58990 -1.09394 
2.58990 -1.04394 
2.58990 -0.99394 
2.58990 -0.94394 
2.58990 -0.89394 
2.58990 -0.84394 
2.58990 -0.79394 
2.58990 -0.74394 
2.58990 -0.69394 
2.58990 -0.64394 
2.58990 -0.59394 
2.58990 -0.54394 
2.58990 -0.49394 
2.58990 -0.44394 
2.58990 -0.39394 
2.58990 -0.34394 
2.58990 -0.29394 
2.58990 -0.24394 
2.58990 -0.19394 
2.58990 -0.14394 
2.58990 -0.09394 
2.58990 -0.04394 
2.58990 0.00606 
2.58990 0.05606 
2.58990 0.10606 
2.58990 0.15606 
2.58990 0.20606 
2.58990 0.25606 
2.58990 0.30606 
2.58990 0.35606 
2.58990 0.40606 
2.58990 0.45606 
2.58990 0.50606 
2.58990 0.55606 
2.58990 0.60606 
2.58990 0.65606 
2.58990 0.70606 
2.58990 0.75606 
2.58990 0.80606 
2.58990 0.85606 
2.58990 0.90606 
2.58990 0.95606 
2.58990 1.00606 
2.58990 1.05606 
2.58990 1.10606 
2.63990 -1.09394 
2.63990 -1.04394 
2.63990 -0.99394 
2.63990 -0.94394 
2.63990 -0.89394 
2.63990 -0.84394 
2.63990 -0.79394 
2.63990 -0.74394 
2.63990 -0.69394 
2.63990 -0.64394 
2.63990 -0.59394 
2.63990 -0.54394 
2.63990 -0.49394 
2.63990 -0.44394 
2.63990 -0.39394 
2.63990 -0.34394 
2.63990 -0.29394 
2.63990 -0.24394 
2.63990 -0.19394 
2.63990 -0.14394 
2.63990 -0.09394 
2.63990 -0.04394 
2.63990 0.00606 
2.63990 0.05606 
2.63990 0.10606 
2.63990 0.15606 
2.63990 0.20606 
2.63990 0.25606 
2.63990 0.30606 
2.63990 0.35606 
2.63990 0.40606 
2.63990 0.45606 
2.63990 0.50606 
2.63990 0.55606 
2.63990 0.60606 
2.63990 0.65606 
2.63990 0.70606 
2.63990 0.75606 
2.63990 0.80606 
2.63990 0.85606 
2.63990 0.90606 
2.63990 0.95606 
2.63990 1.00606 
2.63990 1.05606 
2.63990 1.10606 
2.68990 -1.09394 
2.68990 -1.04394 
2.68990 -0.99394 
2.68990 -0.94394 
2.68990 -0.89394 
2.68990 -0.84394 
2.68990 -0.79394 
2.68990 -0.74394 
2.68990 -0.69394 
2.68990 -0.64394 
2.68990 -0.59394 
2.68990 -0.54394 
2.68990 -0.49394 
2.68990 -0.44394 
2.68990 -0.39394 
2.68990 -0.34394 
2.68990 -0.29394 
2.68990 -0.24394 
2.68990 -0.19394 
2.68990 -0.14394 
2.68990 -0.09394 
2.68990 -0.04394 
2.68990 0.00606 
2.68990 0.05606 
2.68990 0.10606 
2.68990 0.15606 
2.68990 0.20606 
2.68990 0.25606 
2.68990 0.30606 
2.68990 0.35606 
2.68990 0.40606 
2.68990 0.45606 
2.68990 0.50606 
2.68990 0.55606 
2.68990 0.60606 
2.68990 0.65606 
2.68990 0.70606 
2.68990 0.75606 
2.68990 0.80606 
2.68990 0.85606 
2.68990 0.90606 
2.68990 0.95606 
2.68990 1.00606 
2.68990 1.05606 
2.68990 1.10606 
