41 3

193.6857299805 -1.7860612869 31.2731533051 
193.5491943359 -7.2243089676 34.3478088379 
193.4338684082 -59.0052032471 15.5469379425 
188.6277770996 -56.3436508179 49.3572463989 
192.1061401367 -58.5143814087 24.6109085083 
192.6115722656 -60.3236923218 20.3165702820 
190.9104461670 -62.6062355042 31.1323871613 
190.9007263184 -62.7584457397 31.1342887878 
190.7627410889 -63.0769348145 31.1017017365 
191.0074768066 -63.2104415894 31.0222206116 
192.2667999268 -53.0639457703 25.7022342682 
192.5649719238 -60.3799972534 20.7142715454 
192.0044555664 -60.6515502930 24.5591621399 
187.7035827637 -60.8657836914 53.2330932617 
191.5363769531 -58.7087020874 28.6433982849 
191.7855224609 -57.4846115112 28.1139221191 
188.5134124756 -61.6496009827 48.4626617432 
192.6342163086 -59.9632568359 20.1633739471 
192.5939178467 -59.7860946655 20.5802154541 
187.6412811279 -60.9957122803 53.2152862549 
191.8888702393 -60.5678024292 25.1701507568 
192.1584472656 -58.5842971802 25.1724491119 
190.7747192383 -63.0090827942 31.0675239563 
191.5863952637 -57.5317459106 28.0261764526 
192.2126770020 -53.0287628174 25.7681503296 
192.5033569336 -60.4681015015 21.1058139801 
192.5137023926 -60.1102981567 21.1968555450 
191.5098876953 -57.5401306152 28.1833286285 
192.6044616699 -60.1657638550 20.7500534058 
192.7899932861 -60.9388961792 20.6507759094 
191.2623901367 -58.8198356628 29.8968887329 
192.6020965576 -60.5977554321 20.7956390381 
191.6636962891 -57.5941543579 28.2924613953 
191.4210510254 -58.8646774292 29.8463497162 
190.3002929688 -63.4426422119 32.2854461670 
190.8244628906 -62.8339118958 31.0693149567 
192.1551971436 -58.6972007751 25.1926155090 
190.9415588379 -62.7926788330 31.1123275757 
191.3694763184 -58.9183959961 29.9407806396 
192.1261596680 -61.2296981812 24.7963485718 
190.7914886475 -62.9535751343 30.9995231628 
