41 3

193.6210937500 -1.8256833553 31.2349510193 
193.4845733643 -7.2630052567 34.3097686768 
193.3743896484 -59.0382995605 15.5083217621 
188.5651855469 -56.3721046448 49.3211898804 
192.0459594727 -58.5462265015 24.5734386444 
192.5517730713 -60.3559112549 20.2785968781 
190.8499145508 -62.6365432739 31.0955352783 
190.8401947021 -62.7887420654 31.0974369049 
190.7023315430 -63.1071395874 31.0649032593 
190.9468994141 -63.2407302856 30.9853096008 
192.2062377930 -53.0963745117 25.6648807526 
192.5051269531 -60.4121437073 20.6763477325 
191.9443359375 -60.6831207275 24.5216712952 
187.6410064697 -60.8927764893 53.1970748901 
191.4758605957 -58.7399559021 28.6063194275 
191.7248840332 -57.5161361694 28.0767555237 
188.4512481689 -61.6773223877 48.4266052246 
192.5744018555 -59.9955215454 20.1253948212 
192.5341186523 -59.8183555603 20.5422859192 
187.5787353516 -61.0226593018 53.1792984009 
191.8287353516 -60.5992965698 25.1327381134 
192.0980682373 -58.6160812378 25.1349773407 
190.7142944336 -63.0392990112 31.0307140350 
191.5259094238 -57.5632019043 27.9890861511 
192.1521301270 -53.0611648560 25.7308273315 
192.4435424805 -60.5001983643 21.0679378510 
192.4538116455 -60.1424064636 21.1589832306 
191.4494628906 -57.5715560913 28.1462879181 
192.5446319580 -60.1979751587 20.7121200562 
192.7299346924 -60.9710311890 20.6127243042 
191.2018127441 -58.8508491516 29.8599605560 
192.5422058105 -60.6298980713 20.7576980591 
191.6031494141 -57.6256141663 28.2553520203 
191.3603820801 -58.8957443237 29.8093566895 
190.2399597168 -63.4725036621 32.2488517761 
190.7639770508 -62.8641548157 31.0324821472 
192.0948486328 -58.7289886475 25.1551437378 
190.8809967041 -62.8229751587 31.0754470825 
191.3088073730 -58.9494400024 29.9038124084 
192.0658874512 -61.2612266541 24.7587985992 
190.7310638428 -62.9838104248 30.9627037048 
