82 4

0.0 0.0 879.2 327.6
0.0 1.0 750.5 1107.6
1.0 0.0 948.1 289.9
1.0 1.0 820.7 1069.9
2.0 0.0 1604 547
2.0 1.0 1469 1321
3.0 0.0 1599 101
3.0 1.0 1466 886
4.0 0.0 1606 432
4.0 1.0 1471 1209
5.0 0.0 1626 487
5.0 1.0 1490 1263
6.0 0.0 1666 348
6.0 1.0 1530 1127
7.0 0.0 1668 348
7.0 1.0 1532 1127
8.0 0.0 1673 348
8.0 1.0 1537 1128
9.0 0.0 1673 350
9.0 1.0 1537 1128
10.0 0.0 1536 417
10.0 1.0 1402 1194
11.0 0.0 1627 482
11.0 1.0 1491 1258
12.0 0.0 1634 433
12.0 1.0 1498 1210
13.0 0.0 1666 47
13.0 1.0 1530 833
14.0 0.0 1612 380
14.0 1.0 1477 1158
15.0 0.0 1595 387
15.0 1.0 1460 1164
16.0 0.0 1670 115
16.0 1.0 1535 898
17.0 0.0 1621.6 488.8
17.0 1.0 1485.1 1264.9
18.0 0.0 1619 483.6
18.0 1.0 1483.8 1259.7
19.0 0.0 1668.4 46.8
19.0 1.0 1531.9 833.3
20.0 0.0 1633.3 425.1
20.0 1.0 1498.1 1202.5
21.0 0.0 1607.3 425.1
21.0 1.0 1470.8 1201.2
22.0 0.0 1672.3 348.4
22.0 1.0 1535.8 1128.4
23.0 0.0 1596.9 387.4
23.0 1.0 1461.7 1166.1
24.0 0.0 1535.8 416
24.0 1.0 1401.9 1193.4
25.0 0.0 1628.1 477.1
25.0 1.0 1492.9 1253.2
26.0 0.0 1624.2 475.8
26.0 1.0 1487.7 1251.9
27.0 0.0 1596.64 385.32
27.0 1.0 1463.13 1164.41
28.0 0.0 1623.68 481.65
28.0 1.0 1488.48 1257.36
29.0 0.0 1633.82 483.34
29.0 1.0 1495.24 1257.36
30.0 0.0 1615.23 363.35
30.0 1.0 1480.03 1142.44
31.0 0.0 1629.59 481.143
31.0 1.0 1493.38 1256.68
32.0 0.0 1596.64 384.475
32.0 1.0 1462.62 1162.21
33.0 0.0 1614.22 364.702
33.0 1.0 1480.2 1142.44
34.0 0.0 1681.44 331.308
34.0 1.0 1544.35 1113.88
35.0 0.0 1670.02 348.444
35.0 1.0 1532.93 1128.16
36.0 0.0 1608 425
36.0 1.0 1473 1201
37.0 0.0 1668.4 348.4
37.0 1.0 1531.9 1127.1
38.0 0.0 1615.23 363.35
38.0 1.0 1481.2 1141.4
39.0 0.0 1640.58 430.612
39.0 1.0 1504.37 1206.15
40.0 0.0 1671.34 349.323
40.0 1.0 1535.12 1129.26
